tree
version=v4
num_class=1
num_tree_per_iteration=1
label_index=0
max_feature_idx=4
objective=binary sigmoid:1
feature_names=down_payment_ratio term_months payment_to_income lot_price_band listing_type
monotone_constraints=-1 1 1 0 0
feature_infos=[0.050000000000000003:0.40000000000000002] [60:360] [0.029999999999999999:0.59999999999999998] -1:0:1:2 -1:0:1
tree_sizes=971 986 989 990 989 983 984 991 987 992 988 1006 1010 1004 991 1009 1011 975 1007 999 1013 981 981 997 1013 1006 999 995 1012 994 997 1003 996 1014 979 1000 1016 981 1005 1015 997 998 1017 1002 989 1012 998 987 1020 1005 1005 1006 1020 1005 969 980 986 1006 1005 1023

Tree=0
num_leaves=8
num_cat=0
split_feature=2 1 0 0 2 1 0
split_gain=108.891 59.9895 58.5841 33.0749 15.3105 14.6818 8.0654
threshold=0.26450000000000007 150.00000000000003 0.25450000000000006 0.27950000000000008 0.37850000000000006 210.00000000000003 0.15750000000000003
decision_type=2 2 2 2 2 2 2
left_child=2 6 5 4 -3 -1 -2
right_child=1 3 -4 -5 -6 -7 -8
leaf_value=-0.97545290461741108 -0.91405600282033883 -0.87007334097501821 -1.0200029750620341 -0.91405600282033883 -0.79668979914912696 -0.94621659998831353 -0.94621659998831353
leaf_weight=186.05503886938095 53.302254378795624 135.16647148132324 216.62840741872787 93.329230308532715 36.004164278507233 128.93111342191696 116.05811613798141
leaf_count=925 265 672 1077 464 179 641 577
internal_value=-0.949634 -0.91246 -0.979974 -0.881895 -0.854638 -0.952444 -0.946217
internal_weight=965.475 433.86 531.615 264.5 171.171 314.986 169.36
internal_count=4800 2157 2643 1315 851 1566 842
is_linear=0
shrinkage=1


Tree=1
num_leaves=8
num_cat=0
split_feature=0 2 2 1 1 2 1
split_gain=88.0882 48.0663 39.215 28.872 19.182 12.0157 8.53048
threshold=0.25450000000000006 0.26250000000000007 0.31250000000000006 150.00000000000003 300.00000000000006 0.37650000000000006 210.00000000000003
decision_type=2 2 2 2 2 2 2
left_child=1 4 6 -3 -1 -5 -2
right_child=2 3 -4 5 -6 -7 -8
leaf_value=-0.0061909532533135012 -0.073043619219742589 0.026594964088912921 -0.0061909532533135012 0.068453636374139787 0.026594964088912921 0.13468707762904295 -0.037493398627000012
leaf_weight=243.37633994221687 164.45092095434666 102.66317363083363 111.7025181055069 130.32272677123547 64.462161064147949 34.678584158420563 114.48872801661491
leaf_count=1220 836 506 548 627 320 162 581
internal_value=-0.000304695 0.0245726 -0.0369545 0.0555655 -0.00237561 0.082374 -0.0584523
internal_weight=966.145 575.503 390.642 267.664 307.839 165.001 278.94
internal_count=4800 2835 1965 1295 1540 789 1417
is_linear=0
shrinkage=0.1


Tree=2
num_leaves=8
num_cat=0
split_feature=0 1 2 2 2 1 1
split_gain=69.2178 41.733 35.605 29.6204 17.8469 9.50839 6.71752
threshold=0.25450000000000006 300.00000000000006 0.27250000000000008 0.26050000000000006 0.29650000000000004 150.00000000000003 90.000000000000014
decision_type=2 2 2 2 2 2 2
left_child=1 3 -2 -1 -3 -5 -4
right_child=2 4 6 5 -6 -7 -8
leaf_value=-0.0059637248383817877 -0.060663527938423237 0.04803665807496893 -0.033313626388402511 0.014723828207749297 0.13142308898810809 0.040962260056424137 -0.0059637248383817877
leaf_weight=238.32575635612011 214.86591117084026 82.063106462359428 30.563279062509537 106.61583414673805 37.348192200064659 117.65490607917309 137.31731869280338
leaf_count=1198 1132 399 154 520 172 546 679
internal_value=-0.000309495 0.0214121 -0.0333396 0.00780714 0.0741174 0.0354114 -0.00596372
internal_weight=964.754 582.008 382.747 462.596 119.411 224.271 167.881
internal_count=4800 2835 1965 2264 571 1066 833
is_linear=0
shrinkage=0.1


Tree=3
num_leaves=8
num_cat=0
split_feature=2 0 1 2 0 1 1
split_gain=59.229 39.8819 37.4973 22.3546 11.9127 6.17566 5.64133
threshold=0.26250000000000007 0.20950000000000002 150.00000000000003 0.37650000000000006 0.27950000000000008 90.000000000000014 300.00000000000006
decision_type=2 2 2 2 2 2 2
left_child=1 5 -2 4 -4 -1 -3
right_child=2 6 3 -5 -6 -7 -8
leaf_value=-0.025333035977329887 0.00085908729340297425 -0.059005974859325683 0.055342620219110399 0.10240459609497861 0.024803094120222552 0.00085908729340297425 -0.025333035977329887
leaf_weight=44.505302846431732 172.77188582718372 206.01206208765507 149.308379098773 61.118356466293335 76.737251341342926 199.85427525639534 52.253104716539383
leaf_count=225 854 1103 688 279 383 994 274
internal_value=-0.000242116 -0.0239711 0.0256893 0.0487471 0.0342392 0.000859087 -0.0515252
internal_weight=962.561 502.625 459.936 287.164 226.046 244.36 258.265
internal_count=4800 2596 2204 1350 1071 1219 1377
is_linear=0
shrinkage=0.1


Tree=4
num_leaves=8
num_cat=0
split_feature=0 1 2 2 2 1 0
split_gain=50.2175 35.1759 25.1152 18.4333 12.7136 7.34155 6.52258
threshold=0.28250000000000003 210.00000000000003 0.31250000000000006 0.24350000000000002 0.32850000000000007 300.00000000000006 0.10550000000000001
decision_type=2 2 2 2 2 2 2
left_child=1 4 -2 -3 -1 6 -5
right_child=2 3 -4 5 -6 -7 -8
leaf_value=-0.0095244167174693157 -0.054727722282534245 0.018742505781615786 -0.0095244167174693157 0.066499687242421057 0.018742505781615786 0.088490716855475285 0.04226183607200585
leaf_weight=292.2573110461235 212.80168229341507 124.72523976862431 91.401989176869392 17.308143958449364 88.035841479897499 73.502717047929764 61.159971162676811
leaf_count=1471 1160 621 447 78 414 329 280
internal_value=-0.000505767 0.0150476 -0.0340965 0.0421746 -0.00468958 0.0657812 0.0445087
internal_weight=961.193 656.989 304.204 276.696 380.293 151.971 78.4681
internal_count=4800 3193 1607 1308 1885 687 358
is_linear=0
shrinkage=0.1


Tree=5
num_leaves=8
num_cat=0
split_feature=0 2 1 1 1 0 2
split_gain=43.5469 37.6942 13.5302 13.0847 10.8087 6.13283 5.52176
threshold=0.13550000000000004 0.27550000000000008 150.00000000000003 210.00000000000003 210.00000000000003 0.29350000000000004 0.32850000000000007
decision_type=2 2 2 2 2 2 2
left_child=4 3 -3 5 6 -2 -1
right_child=1 2 -4 -5 -6 -7 -8
leaf_value=0.010960046302526456 -0.03628973392645609 -0.01128030116149987 0.010960046302526456 -0.012480261725769382 0.058894431511669204 -0.070001342392398511 0.038037586351944604
leaf_weight=112.44548434019089 141.77480462193489 113.23288863897324 193.14909489452839 169.72272104024887 109.0207355171442 87.12677475810051 31.939677000045776
leaf_count=560 742 565 896 884 500 505 148
internal_value=-0.000427279 -0.0132068 0.01096 -0.0335206 0.0351269 -0.0491214 0.0171807
internal_weight=958.412 705.006 306.382 398.624 253.406 228.902 144.385
internal_count=4800 3592 1461 2131 1208 1247 708
is_linear=0
shrinkage=0.1


Tree=6
num_leaves=8
num_cat=0
split_feature=2 0 1 1 1 2 0
split_gain=39.5113 40.4191 15.1967 10.3257 10.0789 7.60495 6.56777
threshold=0.34050000000000008 0.20950000000000002 150.00000000000003 210.00000000000003 300.00000000000006 0.41850000000000004 0.28350000000000003
decision_type=2 2 2 2 2 2 2
left_child=1 3 -2 -1 6 -4 -3
right_child=2 4 5 -5 -6 -7 -8
leaf_value=-0.006483691502417426 0.0156718570354514 -0.025500854165590822 0.049800327324697732 0.0156718570354514 -0.0097176836765049714 0.10970831530599184 -0.053593940231225635
leaf_weight=215.07056504487991 65.780529677867889 126.85744346678257 91.882722944021225 164.13801415264606 83.45277427136898 27.541318655014038 180.10850097239017
leaf_count=1072 322 658 413 760 431 120 1024
internal_value=-7.26157e-05 -0.0100515 0.0413952 0.0132015 -0.0326369 0.0636162 -0.041284
internal_weight=954.832 769.627 185.205 379.209 390.419 119.424 306.966
internal_count=4800 3945 855 1832 2113 533 1682
is_linear=0
shrinkage=0.1


Tree=7
num_leaves=8
num_cat=0
split_feature=0 2 1 2 1 2 1
split_gain=31.6 24.9063 17.9492 9.21671 6.39915 6.28247 5.97223
threshold=0.20950000000000002 0.27250000000000008 210.00000000000003 0.22350000000000003 150.00000000000003 0.32850000000000007 300.00000000000006
decision_type=2 2 2 2 2 2 2
left_child=2 6 5 -4 -3 -1 -2
right_child=1 4 3 -5 -6 -7 -8
leaf_value=0.00077884563471949811 -0.047345481919588234 -0.019131571386805366 0.021815894988638979 0.059103190588640941 0.00077884563471949811 0.021815894988638979 -0.019131571386805366
leaf_weight=202.93114686012268 204.17688958346844 81.938886553049088 76.081976115703583 122.87659846246243 146.24318470060825 61.204417109489441 55.159952059388161
leaf_count=1018 1194 420 363 538 688 281 298
internal_value=0.000310235 -0.0174595 0.0190172 0.0417012 0.000778846 0.00193057 -0.039042
internal_weight=950.613 487.519 463.094 198.959 228.182 264.136 259.337
internal_count=4800 2600 2200 901 1108 1299 1492
is_linear=0
shrinkage=0.1


Tree=8
num_leaves=8
num_cat=0
split_feature=2 0 1 2 1 1 2
split_gain=28.2959 28.0018 16.7086 8.2996 7.57359 7.53534 6.8209
threshold=0.37650000000000006 0.28250000000000003 150.00000000000003 0.23850000000000002 150.00000000000003 90.000000000000014 0.25850000000000006
decision_type=2 2 2 2 2 2 2
left_child=1 2 -1 -4 -2 -3 -7
right_child=4 5 3 -5 -6 6 -8
leaf_value=-0.013475044086689009 0.022317780669942149 -0.069645860681346691 0.0029961234373379999 0.022317780669942149 0.071036084008816433 -0.043354257461726498 -0.013475044086689009
leaf_weight=222.43041926622391 36.886402368545532 46.641411811113358 175.45905151963234 193.43789923191071 65.318865686655045 108.00977934896946 98.9429881721735
leaf_count=1142 179 280 879 866 279 666 509
internal_value=0.000475118 -0.00553642 0.00638534 0.0194673 0.050172 -0.0333354 -0.0251521
internal_weight=947.127 844.922 591.327 368.897 102.205 253.594 206.953
internal_count=4800 4342 2887 1745 458 1455 1175
is_linear=0
shrinkage=0.1


Tree=9
num_leaves=8
num_cat=0
split_feature=1 0 2 2 0 1 0
split_gain=25.0256 23.0433 12.1442 11.3509 5.56491 5.1432 5.13368
threshold=300.00000000000006 0.15250000000000002 0.34950000000000003 0.27250000000000008 0.33850000000000008 150.00000000000003 0.26050000000000006
decision_type=2 2 2 2 2 2 2
left_child=1 -1 6 4 -3 -5 -2
right_child=2 3 -4 5 -6 -7 -8
leaf_value=0.011732635561882331 0.035902078679128362 -0.026781172626716032 0.085094205072012374 -0.019451129771277782 -0.061443341497460259 -0.0043865564796445071 0.011732635561882331
leaf_weight=240.16038896143436 110.30241666734219 207.57174870371819 35.015115037560463 104.33787162601948 59.621641606092453 125.10555890202522 61.242903620004654
leaf_count=1146 498 1171 149 536 388 578 334
internal_value=0.000663943 -0.00795996 0.0314252 -0.0205057 -0.0345157 -0.00438656 0.0204705
internal_weight=943.358 736.797 206.56 496.637 267.193 229.443 171.545
internal_count=4800 3819 981 2673 1559 1114 832
is_linear=0
shrinkage=0.1


Tree=10
num_leaves=8
num_cat=0
split_feature=1 2 0 1 0 0 2
split_gain=21.883 23.5606 9.31871 9.4602 7.61583 7.16945 4.11001
threshold=90.000000000000014 0.23850000000000002 0.10950000000000001 300.00000000000006 0.17850000000000002 0.12450000000000001 0.32750000000000007
decision_type=2 2 2 2 2 2 2
left_child=4 5 -3 6 -1 -2 -4
right_child=1 2 3 -5 -6 -7 -8
leaf_value=-0.012118439525953126 0.0051689941029605521 0.052548374036588331 0.0051689941029605521 0.034103642218913273 -0.050078383772786443 -0.012118439525953126 0.019934469905050135
leaf_weight=67.487220481038094 79.319589018821716 83.946601808071136 155.22050632536411 96.387673497200012 98.986692860722542 238.89449253678322 120.01523961126804
leaf_count=336 382 369 797 436 575 1354 551
internal_value=0.000788615 0.0078647 0.0224564 0.0156589 -0.0321016 -0.0121184 0.0057653
internal_weight=940.258 773.784 455.57 371.623 166.474 318.214 275.236
internal_count=4800 3889 2153 1784 911 1736 1348
is_linear=0
shrinkage=0.1


Tree=11
num_leaves=8
num_cat=1
split_feature=2 0 1 2 1 4 1
split_gain=18.8712 19.5537 11.1527 5.66466 5.63315 5.08882 4.58266
threshold=0.37650000000000006 0.28250000000000003 150.00000000000003 0.23850000000000002 210.00000000000003 0 150.00000000000003
decision_type=2 2 2 2 2 9 2
left_child=1 2 -1 -4 5 -3 -2
right_child=6 4 3 -5 -6 -7 -8
leaf_value=-0.011492732145870255 0.018098564974961231 -0.032697309817930884 0.0021944422842390759 0.018098564974961231 -0.011492732145870255 -0.082689273119073148 0.056565064325395126
leaf_weight=219.09786868095398 37.01530160009861 110.89689454436302 175.42279970645905 196.6266016215086 108.25899837911129 24.941311344504356 66.818654984235764
leaf_count=1142 179 695 879 866 605 155 279
internal_value=0.00049486 -0.00450332 0.00532866 0.0158816 -0.0283141 -0.0418764 0.0407005
internal_weight=939.078 835.244 591.147 372.049 244.097 135.838 103.834
internal_count=4800 4342 2887 1745 1455 850 458
cat_boundaries=0 1
cat_threshold=1
is_linear=0
shrinkage=0.1


Tree=12
num_leaves=8
num_cat=1
split_feature=0 2 0 1 1 2 3
split_gain=16.56 15.9641 6.69614 5.94374 5.01718 4.34076 4.13802
threshold=0.13550000000000004 0.27550000000000008 0.33050000000000007 150.00000000000003 210.00000000000003 0.41250000000000003 0
decision_type=2 2 2 2 2 2 9
left_child=5 2 4 -3 -2 6 -1
right_child=1 3 -4 -5 -6 -7 -8
leaf_value=0.0071262705541140052 -0.027630201734281053 -0.0073411095728279866 -0.047062722219030184 0.0071262705541140052 -0.0073411095728279866 0.077383735222234698 0.028399022228342286
leaf_weight=80.141462847590446 158.40173394978046 108.33690942823887 81.66155032813549 198.34117987751961 127.43194188177586 13.400061592459677 168.20286780595779
leaf_count=373 926 565 546 896 659 56 779
internal_value=0.000596385 -0.00769188 -0.0218085 0.00712627 -0.0145935 0.0219444 0.0189531
internal_weight=935.918 674.173 367.495 306.678 285.834 261.744 248.344
internal_count=4800 3592 2131 1461 1585 1208 1152
cat_boundaries=0 1
cat_threshold=1
is_linear=0
shrinkage=0.1


Tree=13
num_leaves=8
num_cat=1
split_feature=1 2 2 0 0 0 4
split_gain=15.3161 15.6766 5.88542 6.93143 5.59401 5.43418 4.1232
threshold=90.000000000000014 0.23850000000000002 0.34150000000000008 0.22950000000000004 0.19750000000000004 0.10750000000000001 0
decision_type=2 2 2 2 2 2 9
left_child=4 5 3 -3 -1 -2 -6
right_child=1 2 -4 -5 6 -7 -8
leaf_value=-0.010288256703287575 0.0040777636352640201 0.022097575332599921 0.033999791126487496 0.0040777636352640201 -0.10037722650347281 -0.010288256703287575 -0.036316064728466067
leaf_weight=77.465145707130432 61.276511400938034 174.8158810287714 158.93572220206261 124.92684569954872 11.682025343179703 251.73354803025723 71.793956354260445
leaf_count=391 292 786 697 670 74 1444 446
internal_value=0.000816196 0.00666858 0.0184438 0.0101954 -0.0272451 -0.0102883 -0.0452811
internal_weight=932.63 771.689 458.678 299.743 160.941 313.01 83.476
internal_count=4800 3889 2153 1456 911 1736 520
cat_boundaries=0 1
cat_threshold=2
is_linear=0
shrinkage=0.1


Tree=14
num_leaves=8
num_cat=0
split_feature=1 0 2 2 1 0 0
split_gain=14.147 12.0658 6.3983 5.74613 3.8923 3.37595 3.30851
threshold=300.00000000000006 0.15250000000000002 0.34950000000000003 0.25850000000000006 150.00000000000003 0.28350000000000003 0.26050000000000006
decision_type=2 2 2 2 2 2 2
left_child=1 -1 6 5 -5 -3 -2
right_child=2 3 -4 4 -6 -7 -8
leaf_value=0.0086241709114978186 0.027747405042905855 -0.016907832031469901 0.061756544711623278 -0.016195809712485482 -0.0034304089477513577 -0.041873872137249912 0.0086241709114978186
leaf_weight=243.82613231241703 112.37696975469589 131.64313158392906 35.98745733499527 114.83457111567259 139.78470513224602 92.023832209408283 61.010981366038322
leaf_count=1146 498 741 149 619 649 664 334
internal_value=0.000498799 -0.00613717 0.0233855 -0.015485 -0.00521195 -0.0271797 0.0154214
internal_weight=931.488 722.112 209.375 478.286 254.619 223.667 173.388
internal_count=4800 3819 981 2673 1268 1405 832
is_linear=0
shrinkage=0.1


Tree=15
num_leaves=8
num_cat=1
split_feature=1 0 2 0 4 1 2
split_gain=11.3376 12.6135 12.2568 4.72934 3.04468 2.97592 2.56525
threshold=90.000000000000014 0.10950000000000001 0.32050000000000006 0.28250000000000003 0 300.00000000000006 0.25250000000000006
decision_type=2 2 2 2 9 2 2
left_child=3 -2 5 6 -5 -3 -1
right_child=1 2 -4 4 -6 -7 -8
leaf_value=-0.032136786033536195 0.031630347729181267 -0.0092030393653193352 0.015446929654449527 -0.039686947349639831 -0.10878259023882016 0.0031219451445650957 -0.0092030393653193352
leaf_weight=52.407632738351822 149.2920871078968 323.04130923748016 178.87047176063061 35.221020318567753 7.7874019667506209 120.28475621342659 61.848383679986
leaf_count=293 667 1828 797 247 56 597 315
internal_value=0.000538483 0.00552687 -0.000736488 -0.023933 -0.0521979 -0.00920304 -0.0132934
internal_weight=928.753 771.489 622.197 157.264 43.0084 443.326 114.256
internal_count=4800 3889 3222 911 303 2425 608
cat_boundaries=0 1
cat_threshold=1
is_linear=0
shrinkage=0.1


Tree=16
num_leaves=8
num_cat=1
split_feature=3 0 1 1 2 0 2
split_gain=10.8705 10.2481 11.6228 8.83794 7.9178 5.34959 4.69477
threshold=0 0.33450000000000008 300.00000000000006 150.00000000000003 0.26050000000000006 0.30850000000000005 0.34550000000000003
decision_type=9 2 2 2 2 2 2
left_child=3 2 4 5 -2 -1 -5
right_child=1 -3 -4 6 -6 -7 -8
leaf_value=0.0046151492172646731 -0.019208528303639692 -0.036880226905231454 0.025811414353046735 0.021686054162161419 0.0042099100889769463 -0.050597973772983119 0.061850527121584342
leaf_weight=90.595323294401169 195.30644475668669 97.096260011196136 120.1198007017374 152.33806432783604 213.65928813815117 21.764008872210979 35.975152865052223
leaf_count=485 1098 597 540 779 1003 147 151
internal_value=0.000487178 -0.00701721 -0.00153683 0.0161158 -0.00956945 -0.00607964 0.029359
internal_weight=926.854 626.182 529.086 300.673 408.966 112.359 188.313
internal_count=4800 3238 2641 1562 2101 632 930
cat_boundaries=0 1
cat_threshold=4
is_linear=0
shrinkage=0.1


Tree=17
num_leaves=8
num_cat=3
split_feature=2 4 0 2 1 3 4
split_gain=9.53427 10.598 8.4669 5.38985 4.56318 4.51104 2.76374
threshold=0.37650000000000006 0 0.20950000000000002 0.24150000000000002 150.00000000000003 1 2
decision_type=2 9 2 2 2 9 9
left_child=1 4 -3 -4 -1 -6 -2
right_child=6 2 3 -5 5 -7 -8
leaf_value=-0.057956507146334338 0.06788430425427068 0.012182017635897168 -0.023986963370090403 0.001148184945948172 0.012685209503221937 -0.033091417525543544 0.021971868766770687
leaf_weight=40.159274682402611 15.357930168509483 358.59942899644375 150.35013574361801 187.14951194822788 27.222701966762543 56.812932476401329 89.616702869534492
leaf_count=242 68 1693 995 991 137 284 390
internal_value=0.000312842 -0.0033185 0.00148264 -0.00988565 -0.0302284 -0.0169775 0.0286889
internal_weight=925.269 820.294 696.099 337.5 124.195 84.0356 104.975
internal_count=4800 4342 3679 1986 663 421 458
cat_boundaries=0 1 2 3
cat_threshold=2 4 2
is_linear=0
shrinkage=0.1


Tree=18
num_leaves=8
num_cat=1
split_feature=3 0 1 1 2 0 2
split_gain=8.6996 8.03931 9.49961 6.71567 6.18144 4.33035 3.66032
threshold=0 0.33450000000000008 300.00000000000006 150.00000000000003 0.26050000000000006 0.30850000000000005 0.41850000000000004
decision_type=9 2 2 2 2 2 2
left_child=3 2 4 5 -2 -1 -5
right_child=1 -3 -4 6 -6 -7 -8
leaf_value=0.0042126374859693108 -0.017493875817435636 -0.03333116926700231 0.02297468218910061 0.022561703247941114 0.0031620440067379805 -0.046292949771217333 0.087695555611267004
leaf_weight=90.661927059292793 192.56578575819731 94.48382455855608 120.73774811625481 180.8641439974308 214.16626825928688 20.887488923966885 9.0601137131452543
leaf_count=485 1098 597 540 893 1003 147 37
internal_value=0.000289209 -0.00646841 -0.00165658 0.0142305 -0.00896833 -0.00524447 0.0256688
internal_weight=923.427 621.954 527.47 301.474 406.732 111.549 189.924
internal_count=4800 3238 2641 1562 2101 632 930
cat_boundaries=0 1
cat_threshold=4
is_linear=0
shrinkage=0.1


Tree=19
num_leaves=8
num_cat=2
split_feature=2 1 2 3 0 3 0
split_gain=7.46299 6.39494 4.78846 4.21817 5.05732 2.93016 2.21833
threshold=0.23850000000000002 150.00000000000003 0.41850000000000004 0 0.31750000000000006 1 0.19350000000000003
decision_type=2 2 2 9 2 9 2
left_child=3 -2 5 -1 -5 -3 -7
right_child=1 2 -4 4 -6 6 -8
leaf_value=-0.026565955767902522 -0.0016896978186346579 0.026510205514835516 0.054685082210357755 -0.0016896978186346579 -0.035844898911834455 0.022216670675793151 0.0071068936893500818
leaf_weight=116.95136675983667 195.84932010620832 102.68902716040611 29.233178719878197 207.63026849925518 44.12516362965107 98.285463899374008 127.11604133993387
leaf_count=684 1047 460 120 1123 331 414 621
internal_value=0.000147835 0.00749347 0.0159035 -0.0108729 -0.00358275 0.012448 0.00710689
internal_weight=921.88 553.173 357.324 368.707 251.755 328.091 225.402
internal_count=4800 2662 1615 2138 1454 1495 1035
cat_boundaries=0 1 2
cat_threshold=1 4
is_linear=0
shrinkage=0.1


Tree=20
num_leaves=8
num_cat=1
split_feature=3 0 1 1 2 0 0
split_gain=6.61009 6.28118 7.60624 4.72358 4.50948 3.73588 3.26116
threshold=0 0.33450000000000008 300.00000000000006 150.00000000000003 0.26050000000000006 0.17850000000000002 0.067500000000000018
decision_type=9 2 2 2 2 2 2
left_child=3 2 4 5 -2 -1 -5
right_child=1 -3 -4 6 -6 -7 -8
leaf_value=0.008566458329656702 -0.015941828668017858 -0.030094823479060142 0.020185018119672077 0.075585341313529092 0.0018873543662845705 -0.021416345426324777 0.018385068066124905
leaf_weight=48.578441604971886 189.70228135585785 92.135970331728458 121.20367042720318 10.547624692320822 214.71919696033001 62.290823496878147 181.15010096132755
leaf_count=239 1098 597 540 45 1003 393 885
internal_value=-7.9462e-05 -0.00601053 -0.00178883 0.0120302 -0.00837432 -0.00439943 0.0215324
internal_weight=920.328 617.761 525.625 302.567 404.421 110.869 191.698
internal_count=4800 3238 2641 1562 2101 632 930
cat_boundaries=0 1
cat_threshold=4
is_linear=0
shrinkage=0.1


Tree=21
num_leaves=8
num_cat=3
split_feature=2 4 0 1 1 3 4
split_gain=6.02501 8.85287 5.5917 3.90419 3.30635 2.90724 2.43225
threshold=0.37650000000000006 0 0.15750000000000003 300.00000000000006 150.00000000000003 1 2
decision_type=2 9 2 2 2 9 9
left_child=1 4 -3 -4 -1 -6 -2
right_child=6 2 3 -5 5 -7 -8
leaf_value=-0.052263689964548846 0.058943792509402473 0.0096831478865636207 -0.011948734826844096 0.0019944661191340757 0.009619789068753791 -0.029951956171081984 0.016073752524308677
leaf_weight=38.210320584475994 15.523536175489426 251.87466451525688 334.51127564162016 105.15826593339443 27.860581621527672 55.648433282971382 89.741585105657578
leaf_count=242 68 1162 2000 517 137 284 390
internal_value=-0.000115742 -0.00302954 0.00134766 -0.00569422 -0.0278984 -0.0167499 0.0223958
internal_weight=918.529 813.264 691.544 439.67 121.719 83.509 105.265
internal_count=4800 4342 3679 2517 663 421 458
cat_boundaries=0 1 2 3
cat_threshold=2 4 2
is_linear=0
shrinkage=0.1


Tree=22
num_leaves=8
num_cat=3
split_feature=1 0 2 4 3 0 3
split_gain=5.79595 7.18922 6.31232 3.0907 5.89407 1.88271 1.61684
threshold=90.000000000000014 0.10950000000000001 0.32750000000000007 0 1 0.17850000000000002 2
decision_type=2 2 2 9 9 2 9
left_child=3 -2 6 4 -1 -5 -3
right_child=1 2 -4 5 -6 -7 -8
leaf_value=-0.1255572030527547 0.023203863278604984 0.0019742900197812752 0.011030258834479435 -0.0070816787949168833 -0.0099901020005374683 -0.024585416768683307 -0.0070816787949168833
leaf_weight=7.3568848744034767 151.0892631560564 151.08465373516083 165.39198133349419 57.88669253885746 11.029095508158209 73.923997163772583 298.19200503826141
leaf_count=51 667 823 729 292 72 496 1670
internal_value=0.000137548 0.00366052 -0.00114335 -0.0178239 -0.0562326 -0.0124663 -0.00708168
internal_weight=915.955 765.758 614.669 150.197 18.386 131.811 449.277
internal_count=4800 3889 3222 911 123 788 2493
cat_boundaries=0 1 2 3
cat_threshold=2 2 4
is_linear=0
shrinkage=0.1


Tree=23
num_leaves=8
num_cat=2
split_feature=3 0 1 2 4 0 2
split_gain=4.97593 4.9232 8.09942 3.99958 3.23161 3.20091 2.4932
threshold=0 0.27550000000000008 300.00000000000006 0.42750000000000005 1 0.10550000000000001 0.37050000000000005
decision_type=9 2 2 2 9 2 2
left_child=3 2 5 -1 6 -2 -3
right_child=1 4 -4 -5 -6 -7 -8
leaf_value=0.0082402281451670455 0.009370160935162861 -0.06731469577384637 0.025575571936536715 0.06682048419216545 -0.013327380144004451 -0.0091718174455177274 -0.0091718174455177274
leaf_weight=290.51942006498575 88.253117829561234 21.306948408484462 100.40167121589184 12.142097145318983 151.7513894662261 244.01825612038374 6.0354930013418189
leaf_count=1510 411 153 432 52 957 1258 27
internal_value=0.000102717 -0.00508586 0.000685673 0.0105903 -0.0190293 -0.00683525 -0.0506752
internal_weight=914.428 611.767 432.673 302.662 179.094 332.271 27.3424
internal_count=4800 3238 2101 1562 1137 1669 180
cat_boundaries=0 1 2
cat_threshold=4 2
is_linear=0
shrinkage=0.1


Tree=24
num_leaves=8
num_cat=1
split_feature=2 1 3 0 2 0 1
split_gain=4.66761 3.7226 3.13315 3.52282 3.09322 1.92775 1.74525
threshold=0.23850000000000002 150.00000000000003 0 0.31750000000000006 0.41850000000000004 0.32950000000000007 90.000000000000014
decision_type=2 2 9 2 2 2 2
left_child=2 -2 -1 -4 5 -3 -5
right_child=1 4 3 6 -6 -7 -8
leaf_value=-0.022586566696786506 -0.0015052718854471001 0.014903542186242494 -0.0015052718854471001 -0.08006366351879507 0.043385149658445282 0.0053189472635583983 -0.022177342608047879
leaf_weight=113.43142388015985 193.16916427016258 268.71288922429085 206.86006491631269 6.0917734056711188 29.111849054694176 59.908608973026276 35.918435975909233
leaf_count=684 1047 1178 1123 61 120 317 270
internal_value=3.78039e-06 0.00580155 -0.0088121 -0.00253389 0.0121432 0.00937551 -0.0305713
internal_weight=913.204 550.903 362.302 248.87 357.733 328.621 42.0102
internal_count=4800 2662 2138 1454 1615 1495 331
cat_boundaries=0 1
cat_threshold=1
is_linear=0
shrinkage=0.1


Tree=25
num_leaves=8
num_cat=1
split_feature=3 0 1 2 1 0 1
split_gain=3.96225 3.93882 5.06012 3.1054 3.84729 2.88957 2.44378
threshold=0 0.33450000000000008 210.00000000000003 0.31650000000000006 300.00000000000006 0.28250000000000003 300.00000000000006
decision_type=9 2 2 2 2 2 2
left_child=3 2 -2 5 -5 -1 -7
right_child=1 -3 -4 4 -6 6 -8
leaf_value=0.0097624639195659363 -0.010529566874613483 -0.02435440837523507 0.0092653489677646146 0.014262404248478484 0.065863069030932545 -0.031536116466625165 -0.0033103598908682031
leaf_weight=162.308295160532 282.2619953006506 87.949588008224964 238.04695896804333 65.431183718144894 18.479771330952644 42.93437297642231 14.220781341195105
leaf_count=799 1537 597 1104 298 78 308 79
internal_value=-0.000125703 -0.00478163 -0.00147318 0.00920933 0.0255715 0.00295332 -0.0163832
internal_weight=911.633 608.259 520.309 303.374 83.911 219.463 57.1552
internal_count=4800 3238 2641 1562 376 1186 387
cat_boundaries=0 1
cat_threshold=4
is_linear=0
shrinkage=0.1


Tree=26
num_leaves=8
num_cat=2
split_feature=4 2 0 2 1 3 1
split_gain=3.82565 7.74045 3.34272 3.35341 2.24369 2.23161 2.07864
threshold=0 0.37650000000000006 0.13050000000000003 0.25850000000000006 150.00000000000003 1 300.00000000000006
decision_type=9 2 2 2 2 9 2
left_child=1 4 -2 5 -1 6 -4
right_child=2 -3 3 -5 -6 -7 -8
leaf_value=-0.04529955880017169 0.013147807680823371 0.050456255625855331 -0.033698457994198655 0.0056445656134159732 -0.015332867019994837 -0.0036798286164819757 -0.0021332135763164669
leaf_weight=35.862645693123341 217.35143686830997 15.630663216114042 58.339708559215069 303.04422425478697 82.377587862312794 176.80871842801571 20.217672094702721
leaf_count=242 980 68 411 1466 421 1106 106
internal_value=-6.77917e-05 -0.0156792 0.00262621 -0.00146913 -0.0244219 -0.00991099 -0.0239354
internal_weight=909.633 133.871 775.762 558.41 118.24 255.366 78.5574
internal_count=4800 731 4069 3089 663 1623 517
cat_boundaries=0 1 2
cat_threshold=2 1
is_linear=0
shrinkage=0.1


Tree=27
num_leaves=8
num_cat=2
split_feature=1 0 2 3 4 2 0
split_gain=3.49684 4.31275 3.80166 2.61265 5.78295 2.71185 1.31469
threshold=90.000000000000014 0.10950000000000001 0.32750000000000007 0 1 0.20750000000000002 0.11650000000000002
decision_type=2 2 2 9 9 2 2
left_child=3 -2 -3 4 6 -5 -1
right_child=1 2 -4 5 -6 -7 -8
leaf_value=-0.0057767939145629338 0.017717683407250329 -0.0057767939145629338 0.0083110124546636691 -0.03623608045808166 -0.12186698927922049 -0.0057767939145629338 -0.031913063493294563
leaf_weight=9.4127889275550825 152.29542173445225 443.7103875130415 165.79187896847725 29.279764890670776 6.4291312620043746 70.515282161533833 30.563020139932632
leaf_count=47 667 2493 729 201 51 412 200
internal_value=-5.31984e-05 0.00266543 -0.00109566 -0.014219 -0.0338402 -0.00577679 -0.0196832
internal_weight=907.998 761.798 609.502 146.2 46.4049 99.795 39.9758
internal_count=4800 3889 3222 911 298 613 247
cat_boundaries=0 1 2
cat_threshold=2 1
is_linear=0
shrinkage=0.1


Tree=28
num_leaves=8
num_cat=1
split_feature=3 0 1 2 2 2 0
split_gain=3.11988 3.0455 3.6268 2.4989 2.16417 1.89564 2.94573
threshold=0 0.33450000000000008 210.00000000000003 0.42750000000000005 0.18250000000000002 0.22250000000000003 0.064500000000000016
decision_type=9 2 2 2 2 2 2
left_child=3 2 -2 -1 -3 -4 -7
right_child=1 4 5 -5 -6 6 -8
leaf_value=0.006565548413660036 -0.0088643449690592058 -0.054192733296095898 -0.00046470338165759546 0.052914668400077171 -0.013762123367517622 0.077725806800868921 0.011704016279013789
leaf_weight=290.43642316758633 278.99007725715637 16.352630540728569 83.070191591978073 12.117612048983572 69.543953649699688 7.0810867846012107 148.11122530698776
leaf_count=1510 1537 147 423 52 450 29 652
internal_value=0.000135079 -0.00402178 -0.00112608 0.00842188 -0.0214591 0.00793494 0.0147164
internal_weight=905.703 603.149 517.253 302.554 85.8966 238.263 155.192
internal_count=4800 3238 2641 1562 597 1104 681
cat_boundaries=0 1
cat_threshold=4
is_linear=0
shrinkage=0.1


Tree=29
num_leaves=8
num_cat=2
split_feature=4 2 0 3 2 1 2
split_gain=2.99448 6.12496 2.10621 2.03823 3.07684 3.64593 2.67245
threshold=0 0.37650000000000006 0.32750000000000007 1 0.31650000000000006 300.00000000000006 0.16450000000000004
decision_type=9 2 2 9 2 2 2
left_child=1 2 -1 4 -2 -6 -5
right_child=3 -3 -4 6 5 -7 -8
leaf_value=-0.015909952997473841 0.0028846103503241969 0.044777859309942519 -0.052675859416686982 -0.017225766581401677 0.015057724246800425 0.068361967584656874 0.0020576367750488535
leaf_weight=97.504721119999886 184.41943699866533 15.693495139479635 18.545181207358837 86.301435254514217 55.643781900405884 16.599411696195602 429.76051501184702
leaf_count=521 995 68 142 533 250 70 2221
internal_value=7.89921e-05 -0.0138562 -0.0217853 0.00245482 0.00973738 0.0272308 -0.00116714
internal_weight=904.468 131.743 116.05 772.725 256.663 72.2432 516.062
internal_count=4800 731 663 4069 1315 320 2754
cat_boundaries=0 1 2
cat_threshold=2 4
is_linear=0
shrinkage=0.1


Tree=30
num_leaves=8
num_cat=2
split_feature=4 2 0 2 0 1 3
split_gain=2.44964 4.97932 2.09066 1.93025 1.82331 1.80904 1.62593
threshold=0 0.37650000000000006 0.13050000000000003 0.25850000000000006 0.32750000000000007 300.00000000000006 1
decision_type=9 2 2 2 2 2 9
left_child=1 4 -2 6 5 -1 -4
right_child=2 -3 3 -5 -6 -7 -8
leaf_value=-0.021934037217040445 0.010503670162856119 0.040066498811093983 -0.019740626488534713 0.0043146660009778506 -0.049142327490394343 0.010111066747743185 -0.0022339010676265475
leaf_weight=74.378233872354031 218.0444100946188 15.780029222369192 76.100090436637402 303.39253003895283 17.924142058938742 22.46693542599678 175.15402997285128
leaf_count=419 980 68 517 1466 142 102 1106
internal_value=6.69701e-05 -0.0126027 0.00220756 -0.00105383 -0.0198444 -0.0144219 -0.00753635
internal_weight=903.24 130.549 772.691 554.647 114.769 96.8452 251.254
internal_count=4800 731 4069 3089 663 521 1623
cat_boundaries=0 1 2
cat_threshold=2 1
is_linear=0
shrinkage=0.1


Tree=31
num_leaves=8
num_cat=2
split_feature=1 3 0 3 2 0 2
split_gain=2.38034 3.44608 2.73388 2.10503 2.15149 2.05003 2.99636
threshold=90.000000000000014 0 0.067500000000000018 1 0.20750000000000002 0.10950000000000001 0.24250000000000002
decision_type=2 9 2 9 2 2 2
left_child=3 2 -2 -1 -5 -3 -7
right_child=1 5 -4 4 -6 6 -8
leaf_value=-0.029763499011347911 0.042594315294479136 0.019396329191671117 -0.0047296207328153123 -0.03236538732695738 -0.0047296207328153123 -0.0047296207328153123 0.011107871626410462
leaf_weight=44.882237639278173 13.311185166239737 106.81197036802769 227.70246158540249 28.348149441182613 70.310714073479176 170.76488249748945 239.78652657568455
leaf_count=298 59 461 1204 201 412 1032 1133
internal_value=5.70585e-05 0.00229208 -0.00472962 -0.0117513 -0.00472962 0.00705516 0.0038444
internal_weight=901.918 758.377 241.014 143.541 98.6589 517.363 410.551
internal_count=4800 3889 1263 911 613 2626 2165
cat_boundaries=0 1 2
cat_threshold=1 2
is_linear=0
shrinkage=0.1


Tree=32
num_leaves=8
num_cat=2
split_feature=4 2 0 1 0 2 3
split_gain=2.01169 4.02195 1.55901 1.44843 1.4474 2.26102 1.16154
threshold=0 0.37650000000000006 0.32750000000000007 300.00000000000006 0.25450000000000006 0.15050000000000002 1
decision_type=9 2 2 2 2 2 9
left_child=1 2 3 -1 -2 -6 -4
right_child=4 -3 6 -5 5 -7 -8
leaf_value=-0.019998183727791913 0.0050179340236374296 0.035633408816868481 -0.029489412611155643 0.0087268947123547626 -0.028500595094303072 -0.0005994646742133688 -0.069394469976009954
leaf_weight=73.503893755376339 507.64852428436279 15.827616423368452 7.1513527631759644 22.53739607334137 33.226013854146004 230.76909045130014 10.183534007519485
leaf_count=419 2415 68 52 102 266 1388 90
internal_value=-3.8959e-05 -0.0115875 -0.0181796 -0.0131977 0.00189472 -0.00411106 -0.0457811
internal_weight=900.847 129.204 113.376 96.0413 771.644 263.995 17.3349
internal_count=4800 731 663 521 4069 1654 142
cat_boundaries=0 1 2
cat_threshold=2 4
is_linear=0
shrinkage=0.1


Tree=33
num_leaves=8
num_cat=1
split_feature=3 0 2 1 1 0 0
split_gain=1.92144 2.40413 2.45527 2.56042 2.06438 2.47912 1.88626
threshold=0 0.38050000000000006 0.36250000000000004 210.00000000000003 150.00000000000003 0.30850000000000005 0.067500000000000018
decision_type=9 2 2 2 2 2 2
left_child=4 2 3 -2 5 -1 -6
right_child=1 -3 -4 -5 6 -7 -8
leaf_value=0.0023778910784385023 -0.011551471229631495 -0.03273742959929115 0.013610450233362818 0.0030164988692033632 0.053272582889908375 -0.037407158635191826 0.010278219002868173
leaf_weight=90.548743106424809 257.00523097068071 26.537418331950903 86.133013352751732 227.38929930329323 10.809093430638312 18.938131041824818 182.34255772083998
leaf_count=485 1552 191 379 1116 45 147 885
internal_value=-2.49508e-05 -0.00331509 -0.00194655 -0.00471283 0.00646606 -0.0045038 0.0126843
internal_weight=899.703 597.065 570.528 484.395 302.639 109.487 193.152
internal_count=4800 3238 3047 2668 1562 632 930
cat_boundaries=0 1
cat_threshold=4
is_linear=0
shrinkage=0.1


Tree=34
num_leaves=8
num_cat=3
split_feature=4 2 1 3 2 0 3
split_gain=1.63712 3.18317 1.28672 1.69198 1.28101 1.24386 1.2129
threshold=0 0.37650000000000006 150.00000000000003 1 0.18950000000000003 0.32350000000000007 2
decision_type=9 2 2 9 2 2 9
left_child=1 2 5 4 -4 -1 -2
right_child=6 -3 3 -5 -6 -7 -8
leaf_value=-0.024320052609658718 -0.0041243311913763386 0.031417412757764933 -0.021461748162467889 -0.020279180586775369 0.0074835948047712363 -0.076239696476655086 0.0044093362243381225
leaf_weight=26.687351256608963 243.5103502124548 15.861031681299208 9.094496816396715 52.20766919106245 18.357611708343029 5.5789593867957583 527.01815589517355
leaf_count=177 1321 68 48 284 89 65 2748
internal_value=-2.60639e-05 -0.0105089 -0.0164502 -0.00962635 0.00748359 -0.0332971 0.00171244
internal_weight=898.316 127.787 111.926 79.6598 27.4521 32.2663 770.529
internal_count=4800 731 663 421 137 242 4069
cat_boundaries=0 1 2 3
cat_threshold=2 4 1
is_linear=0
shrinkage=0.1


Tree=35
num_leaves=8
num_cat=2
split_feature=1 3 0 3 2 0 0
split_gain=1.44172 2.37686 2.25918 1.85502 1.67679 1.49289 1.39921
threshold=90.000000000000014 0 0.062500000000000014 1 0.26050000000000006 0.11650000000000002 0.10950000000000001
decision_type=2 9 2 9 2 2 2
left_child=3 2 -2 5 -5 -1 -3
right_child=1 6 -4 4 -6 -7 -8
leaf_value=-0.0037640302614721879 0.050440472845509746 0.015906209777243652 -0.0037640302614721879 -0.02341474574306518 -0.0037640302614721879 -0.037361952045766707 0.0030780449570289386
leaf_weight=10.328431174159048 8.4901089966297132 107.25816689431667 230.62822183966637 44.748908717185259 52.485954433679581 33.446545589715242 410.21447861939669
leaf_count=54 37 461 1226 322 291 244 2165
internal_value=1.25526e-05 0.00174274 -0.00376403 -0.0092708 -0.00376403 -0.0265992 0.00573698
internal_weight=897.601 756.591 239.118 141.01 97.2349 43.775 517.473
internal_count=4800 3889 1263 911 613 298 2626
cat_boundaries=0 1 2
cat_threshold=1 2
is_linear=0
shrinkage=0.1


Tree=36
num_leaves=8
num_cat=1
split_feature=0 1 2 2 0 0 3
split_gain=1.33416 1.74708 1.39179 1.27631 1.07626 0.942425 0.83736
threshold=0.33750000000000008 210.00000000000003 0.30550000000000005 0.42750000000000005 0.22950000000000004 0.064500000000000016 0
decision_type=2 2 2 2 2 2 9
left_child=1 4 -2 5 -1 -3 -7
right_child=2 3 -4 -5 -6 6 -8
leaf_value=0.0019647179063883718 -0.019490774700186748 0.020626917751825496 -0.0040607776893331806 0.035764357747026805 -0.0040607776893331806 0.0019647179063883718 0.0087231826611658021
leaf_weight=290.77301619201899 74.692182842642069 17.878761425614357 48.201158121228218 14.522279649972914 129.91622403264046 103.60040429234505 217.002511754632
leaf_count=1471 605 74 248 62 844 492 1004
internal_value=9.99715e-06 0.0015474 -0.00966896 0.00673496 -0.00280552 0.00548948 0.00415525
internal_weight=896.587 773.693 122.893 353.004 420.689 338.482 320.603
internal_count=4800 3947 853 1632 2315 1570 1496
cat_boundaries=0 1
cat_threshold=1
is_linear=0
shrinkage=0.1


Tree=37
num_leaves=8
num_cat=3
split_feature=4 2 0 1 3 3 2
split_gain=1.27383 2.55503 1.02793 1.03397 1.01322 0.90952 2.10735
threshold=0 0.37650000000000006 0.32750000000000007 300.00000000000006 1 2 0.31650000000000006
decision_type=9 2 2 2 9 9 2
left_child=1 2 3 -1 -4 6 -2
right_child=5 -3 4 -5 -6 -7 -8
leaf_value=-0.016729776140021451 0.00056905452583471175 0.028091129819469068 -0.024558591837583698 0.0066295873947664063 -0.062316254194424263 -0.0010553474082211707 0.0206813047493144
leaf_weight=71.961284328252077 185.09845961630344 15.857007667422293 6.8062615990638733 22.578074663877487 9.2151619270443934 511.94381169229746 72.503936588764191
leaf_count=419 995 68 52 102 90 2754 320
internal_value=-0.000144942 -0.00944797 -0.014832 -0.0108626 -0.0382546 0.00138332 0.00622978
internal_weight=895.964 126.418 110.561 94.5394 16.0214 769.546 257.602
internal_count=4800 731 663 521 142 4069 1315
cat_boundaries=0 1 2 3
cat_threshold=2 4 4
is_linear=0
shrinkage=0.1


Tree=38
num_leaves=8
num_cat=2
split_feature=1 0 2 4 1 2 3
split_gain=1.10509 1.53618 1.39568 0.832375 2.69633 1.3727 0.716677
threshold=300.00000000000006 0.15250000000000002 0.34950000000000003 0 150.00000000000003 0.28350000000000003 1
decision_type=2 2 2 9 2 2 9
left_child=1 -1 -2 6 -5 -6 -3
right_child=2 3 -4 4 5 -7 -8
leaf_value=0.0020647505057122587 0.0025727726875975337 -0.010472133480059976 0.024387625858716608 -0.041803535448546973 -0.021832010951450473 -0.0018604864543539741 -0.0018604864543539741
leaf_weight=244.52856476604939 176.37520580738783 117.04984257370234 35.177192270755768 25.407156635075808 23.209821097552776 21.521194964647293 251.71744312345982
leaf_count=1146 832 729 149 207 158 100 1479
internal_value=-0.000115651 -0.00207067 0.00620017 -0.00578572 -0.0157713 -0.00186049 -0.0038865
internal_weight=894.986 683.434 211.552 438.905 70.1382 44.731 368.767
internal_count=4800 3819 981 2673 465 258 2208
cat_boundaries=0 1 2
cat_threshold=1 1
is_linear=0
shrinkage=0.1


Tree=39
num_leaves=8
num_cat=1
split_feature=3 0 2 0 1 2 2
split_gain=1.00241 1.68916 1.58146 1.72315 1.82092 1.33029 1.29123
threshold=0 0.38050000000000006 0.36250000000000004 0.27550000000000008 300.00000000000006 0.42750000000000005 0.18550000000000003
decision_type=9 2 2 2 2 2 2
left_child=5 2 3 4 -2 -1 -3
right_child=1 6 -4 -5 -6 -7 -8
leaf_value=0.0033857629659820847 -0.0054396836566969016 -0.073098272758967062 0.011273404128111826 -0.014249918525751516 0.0039097732739076119 0.037434506235594127 -0.016409276659696714
leaf_weight=290.46297086030245 276.59964283555746 5.0027333572506931 85.989036053419113 113.0031569339335 89.953939199447632 11.946698695421217 20.411376480013132
leaf_count=1510 1463 52 379 819 386 52 139
internal_value=4.82431e-05 -0.00234797 -0.00121463 -0.00345386 -0.000125588 0.00473086 -0.0275684
internal_weight=893.37 590.96 565.546 479.557 366.554 302.41 25.4141
internal_count=4800 3238 3047 2668 1849 1562 191
cat_boundaries=0 1
cat_threshold=4
is_linear=0
shrinkage=0.1


Tree=40
num_leaves=8
num_cat=2
split_feature=4 2 2 3 0 2 1
split_gain=0.844911 1.92627 0.987617 1.18245 0.940728 0.915464 0.821177
threshold=0 0.37650000000000006 0.17850000000000002 1 0.20550000000000002 0.24350000000000002 150.00000000000003
decision_type=9 2 2 9 2 2 2
left_child=1 2 -1 6 5 -5 -4
right_child=-2 -3 3 4 -6 -7 -8
leaf_value=-0.029890564844913536 0.001404018644919166 0.025112271843701552 -0.018485344845307818 -0.0091996737794168351 -0.018485344845307818 0.0064382326976654388 0.0064382326976654388
leaf_weight=24.524109724909067 767.48421806842089 15.823463991284369 9.8634212985634822 9.1703800708055514 26.723108500242233 19.304125010967255 18.917625062167645
leaf_count=161 4069 68 71 50 195 92 94
internal_value=0.000165177 -0.00748238 -0.0122358 -0.00708012 -0.0157486 8.59973e-05 0.00643823
internal_weight=891.81 124.326 108.503 83.9787 55.1976 28.4745 28.781
internal_count=4800 731 663 502 337 142 165
cat_boundaries=0 1 2
cat_threshold=2 4
is_linear=0
shrinkage=0.1


Tree=41
num_leaves=8
num_cat=2
split_feature=1 0 2 0 3 2 4
split_gain=0.784983 1.18403 1.10259 1.61446 0.872759 0.56394 0.54525
threshold=300.00000000000006 0.15250000000000002 0.29350000000000004 0.27750000000000008 0 0.19850000000000004 1
decision_type=2 2 2 2 9 2 9
left_child=1 5 -2 4 -4 -1 -3
right_child=2 6 3 -5 -6 -7 -8
leaf_value=-0.0014237387885649899 0.0019738825941864667 -0.0032930694427695962 0.04657860618345832 0.0085852139530534308 0.018722860314581969 0.0019738825941864667 -0.013008820495824153
leaf_weight=66.189154401421547 133.50088009983301 367.20900498330593 17.295365557074547 28.311935305595398 32.166816756129265 178.27241924405098 68.544102262705564
leaf_count=337 649 2208 71 126 135 809 465
internal_value=0.000138563 -0.0015152 0.00546296 0.0151965 0.0284631 0.00197388 -0.00482136
internal_weight=891.49 680.215 211.275 77.7741 49.4622 244.462 435.753
internal_count=4800 3819 981 332 206 1146 2673
cat_boundaries=0 1 2
cat_threshold=1 1
is_linear=0
shrinkage=0.1


Tree=42
num_leaves=8
num_cat=1
split_feature=3 0 1 0 0 2 0
split_gain=0.787768 1.38959 1.16362 1.82595 1.38864 1.11917 1.38334
threshold=0 0.38050000000000006 150.00000000000003 0.30850000000000005 0.067500000000000018 0.36250000000000004 0.27550000000000008
decision_type=9 2 2 2 2 2 2
left_child=2 5 3 -1 -4 6 -2
right_child=1 -3 4 -5 -6 -7 -8
leaf_value=0.0017936012731804068 0.00010294768964622735 -0.02512539451522304 0.043689088223607696 -0.032992656279242472 0.0068607838920868598 0.0095180268383572922 -0.012612936260311458
leaf_weight=90.440354488790035 365.58067867159843 24.888951729983091 10.845215663313864 18.111202649772167 182.94929556548595 86.035188898444176 111.6905245706439
leaf_count=485 1849 191 45 147 885 379 819
internal_value=0.000130371 -0.002002 0.00427877 -0.00401029 0.00892179 -0.000980327 -0.00287281
internal_weight=890.541 588.195 302.346 108.552 193.795 563.306 477.271
internal_count=4800 3238 1562 632 930 3047 2668
cat_boundaries=0 1
cat_threshold=4
is_linear=0
shrinkage=0.1


Tree=43
num_leaves=8
num_cat=2
split_feature=1 3 0 3 2 0 0
split_gain=0.674543 1.51055 1.53769 1.50699 1.3156 1.18755 0.726641
threshold=90.000000000000014 0 0.067500000000000018 1 0.20350000000000004 0.11650000000000002 0.10950000000000001
decision_type=2 9 2 9 2 2 2
left_child=3 2 -2 5 -5 -1 -3
right_child=1 6 -4 4 -6 -7 -8
leaf_value=-0.0025099213343604508 0.034170709208088582 0.011902868927320938 -0.0025099213343604508 -0.026003989220677537 -0.0025099213343604508 -0.032575761881933403 0.002662319452080454
leaf_weight=10.309361845254896 13.447058960795401 107.52230742573738 222.59081660211086 25.841731954365969 69.700145415961742 32.016060348600149 408.05740324407816
leaf_count=54 59 461 1204 194 419 244 2165
internal_value=0.000115314 0.00129473 -0.00250992 -0.00631457 -0.00250992 -0.0225897 0.0045894
internal_weight=889.485 751.618 236.038 137.867 95.5419 42.3254 515.58
internal_count=4800 3889 1263 911 613 298 2626
cat_boundaries=0 1 2
cat_threshold=1 2
is_linear=0
shrinkage=0.1


Tree=44
num_leaves=8
num_cat=3
split_feature=4 2 2 3 0 2 4
split_gain=0.637271 1.58458 0.821572 1.0688 0.732207 0.818546 0.654461
threshold=0 0.37650000000000006 0.17850000000000002 1 0.20550000000000002 0.24350000000000002 2
decision_type=9 2 2 9 2 2 9
left_child=1 2 -1 -4 5 -5 -2
right_child=6 -3 3 4 -6 -7 -8
leaf_value=-0.027254686707399868 0.00068342644855420116 0.022979126127387714 0.0060090554828926661 -0.0086007039086449539 -0.016756805729236018 0.0060090554828926661 0.019587741513634137
leaf_weight=24.015690287575126 746.99069695174694 15.780110478401182 28.628514483571053 9.1192169189453143 26.129056796431541 19.342319756746292 18.773354291915894
leaf_count=161 3969 68 165 50 195 92 100
internal_value=7.36423e-05 -0.00660724 -0.010961 -0.00625892 -0.0146117 -0.000444602 0.00114688
internal_weight=888.779 123.015 107.235 83.2191 54.5906 28.4615 765.764
internal_count=4800 731 663 502 337 142 4069
cat_boundaries=0 1 2 3
cat_threshold=2 4 1
is_linear=0
shrinkage=0.1


Tree=45
num_leaves=8
num_cat=1
split_feature=3 0 2 2 1 2 0
split_gain=0.564698 1.11986 1.17797 1.03401 0.951677 0.98109 1.48975
threshold=0 0.38050000000000006 0.18550000000000003 0.42750000000000005 210.00000000000003 0.23550000000000001 0.19350000000000003
decision_type=9 2 2 2 2 2 2
left_child=3 4 -3 -1 -2 -6 -7
right_child=1 2 -4 -5 5 6 -8
leaf_value=0.0023599932577489358 -0.004725083787412732 -0.06834846278729878 -0.012166097906513405 0.032470916657428052 -0.0006003716345325136 0.019741901964666325 0.0040952245324041492
leaf_weight=290.56456363201141 299.00973074883223 4.5968848206102875 19.833831623196602 11.870429888367651 100.7901269569993 75.433741614222527 86.486234664916992
leaf_count=1510 1777 52 139 52 543 314 413
internal_value=3.23184e-05 -0.00177848 -0.0227374 0.00354183 -0.00086692 0.00352434 0.00879082
internal_weight=888.586 586.151 24.4307 302.435 561.72 262.71 161.92
internal_count=4800 3238 191 1562 3047 1270 727
cat_boundaries=0 1
cat_threshold=4
is_linear=0
shrinkage=0.1


Tree=46
num_leaves=8
num_cat=2
split_feature=4 0 2 1 3 1 0
split_gain=0.562462 1.48145 2.94169 0.582 0.768817 1.87667 0.907223
threshold=0 0.37250000000000005 0.37650000000000006 90.000000000000014 1 210.00000000000003 0.14050000000000004
decision_type=9 2 2 2 9 2 2
left_child=1 2 3 -1 -5 6 -6
right_child=-2 -3 -4 4 5 -7 -8
leaf_value=-0.026697844344474388 0.00093796632227881576 -0.049818198350770081 0.039698875963628102 -0.016712344377709781 -0.0008025264481477043 0.01510729148141437 -0.016712344377709781
leaf_weight=11.439133375883101 765.43429017066956 7.3723512664437285 13.820671439170836 30.658122319728136 8.1346851736307162 32.816348403692245 18.209273219108582
leaf_count=105 4069 61 59 178 40 165 123
internal_value=-6.87217e-05 -0.00636149 -0.00357749 -0.00948429 -0.00672684 6.07593e-05 -0.0167123
internal_weight=887.885 122.451 115.078 101.258 89.8184 59.1603 26.344
internal_count=4800 731 670 611 506 328 163
cat_boundaries=0 1 2
cat_threshold=2 1
is_linear=0
shrinkage=0.1


Tree=47
num_leaves=8
num_cat=3
split_feature=4 0 2 2 3 1 4
split_gain=0.497331 1.22944 2.42216 0.58891 0.747574 0.679411 0.533944
threshold=0 0.37250000000000005 0.37650000000000006 0.17850000000000002 1 150.00000000000003 2
decision_type=9 2 2 2 9 2 9
left_child=1 2 3 -1 5 -5 -2
right_child=6 -3 -4 4 -6 -7 -8
leaf_value=-0.022926146472635384 0.00042392834355443757 -0.046234792900343727 0.035741980752226558 -0.013832749377595051 -0.011775699545102131 0.013417995214400036 0.017449677053130566
leaf_weight=23.096172273159027 746.81766133755445 7.1607839185744515 13.81583212316036 9.0911840349435824 51.307721849530935 17.316494047641754 18.885545410215855
leaf_count=154 3969 61 59 64 310 83 100
internal_value=-0.000100232 -0.00603588 -0.00352465 -0.00890599 -0.00473935 0.00893163 0.000843857
internal_weight=887.491 121.788 114.627 100.812 77.7154 26.4077 765.703
internal_count=4800 731 670 611 457 147 4069
cat_boundaries=0 1 2 3
cat_threshold=2 4 1
is_linear=0
shrinkage=0.1


Tree=48
num_leaves=8
num_cat=1
split_feature=3 2 0 2 0 1 0
split_gain=0.461781 0.849192 1.87394 1.25423 0.960968 0.818528 1.53587
threshold=0 0.16450000000000004 0.13350000000000004 0.36450000000000005 0.32150000000000006 150.00000000000003 0.32550000000000007
decision_type=9 2 2 2 2 2 2
left_child=5 4 3 -3 -2 6 -1
right_child=1 2 -4 -5 -6 -7 -8
leaf_value=0.00086046374616113343 -0.0063808441334729654 0.0058024929795395235 -0.004009035169386453 0.032759736208297911 -0.035693968869076748 0.0069755685916842482 -0.033852812939525211
leaf_weight=93.327972874045372 80.578264199197292 122.62401569634676 348.26652153767645 20.086717024445534 12.986052710562943 194.31894743442535 14.761686265468596
leaf_count=511 475 557 1980 86 140 930 121
internal_value=-7.69687e-05 -0.00171816 -5.4284e-05 0.00959676 -0.0104493 0.00309537 -0.00388029
internal_weight=886.95 584.542 490.977 142.711 93.5643 302.409 108.09
internal_count=4800 3238 2623 643 615 1562 632
cat_boundaries=0 1
cat_threshold=4
is_linear=0
shrinkage=0.1


Tree=49
num_leaves=8
num_cat=2
split_feature=4 0 2 2 1 3 0
split_gain=0.391453 1.01327 1.93625 0.482602 0.624044 1.11579 0.467756
threshold=0 0.37250000000000005 0.37650000000000006 0.17850000000000002 210.00000000000003 1 0.067500000000000018
decision_type=9 2 2 2 2 9 2
left_child=1 2 3 -1 -5 -6 -2
right_child=6 -3 -4 4 5 -7 -8
leaf_value=-0.020736711632611687 0.010553666206331228 -0.042466407965665393 0.032046573093588542 -0.012454095882375858 -0.0036819728985953552 0.012055528823450463 0.00013986405717552155
leaf_weight=22.758345240727067 45.883885860443115 6.9366393685340872 13.778705850243567 39.874545380473137 14.223616674542427 23.301229275763035 719.20934790372849
leaf_count=154 203 61 59 272 72 113 3866
internal_value=-7.10889e-05 -0.00535948 -0.00310035 -0.00793552 -0.00417148 0.00509015 0.000764397
internal_weight=885.966 120.873 113.936 100.158 77.3994 37.5248 765.093
internal_count=4800 731 670 611 457 185 4069
cat_boundaries=0 1 2
cat_threshold=2 1
is_linear=0
shrinkage=0.1


Tree=50
num_leaves=8
num_cat=2
split_feature=3 2 0 2 3 1 0
split_gain=0.37798 0.758406 0.727255 0.674255 0.694525 0.67362 1.58236
threshold=0 0.42750000000000005 0.38050000000000006 0.26450000000000007 1 300.00000000000006 0.26050000000000006
decision_type=9 2 2 2 9 2 2
left_child=1 -1 5 4 -4 -2 -7
right_child=2 -3 3 -5 -6 6 -8
leaf_value=0.0017883701809713205 -0.0027981296255429351 0.027635212003551297 -0.069196516986184578 -0.0097815333983355523 -0.024769652662648411 0.014922757956296009 0.0012472161148702815
leaf_weight=290.45957763493061 423.57063053734601 11.814125895500181 4.6128738075494784 14.050109315663574 4.9996564332395792 96.503149285912514 39.428148165345192
leaf_count=1510 2419 52 50 86 55 413 215
internal_value=-7.12195e-05 0.00279857 -0.00155873 -0.0187306 -0.0397578 -0.000832492 0.00529256
internal_weight=885.438 302.274 583.165 23.6626 9.61253 559.502 135.931
internal_count=4800 1562 3238 191 105 3047 628
cat_boundaries=0 1 2
cat_threshold=4 1
is_linear=0
shrinkage=0.1


Tree=51
num_leaves=8
num_cat=2
split_feature=4 0 2 4 0 0 0
split_gain=0.327333 0.809469 1.56736 0.438656 0.479632 0.424031 0.412613
threshold=0 0.37250000000000005 0.37650000000000006 1 0.17250000000000001 0.32750000000000007 0.067500000000000018
decision_type=9 2 2 9 2 2 2
left_child=1 2 5 6 -5 -1 -2
right_child=3 -3 -4 4 -6 -7 -8
leaf_value=-0.0051349555629632941 0.0096195473657583099 -0.038711997076819493 0.028651896323808893 0.033367129247370265 0.0013704965350983447 -0.020851665843099616 -0.00034654237172595268
leaf_weight=90.657975152134895 44.157232895493507 6.7197334412485352 13.755389526486395 8.459106847643854 10.500202357769011 9.0347444005310518 701.57468918710947
leaf_count=521 195 61 59 38 62 90 3774
internal_value=-0.000136973 -0.00498882 -0.00299133 0.000625473 0.0156465 -0.0073574 0.000243582
internal_weight=884.859 120.168 113.448 764.691 18.9593 99.6927 745.732
internal_count=4800 731 670 4069 100 611 3969
cat_boundaries=0 1 2
cat_threshold=2 1
is_linear=0
shrinkage=0.1


Tree=52
num_leaves=8
num_cat=1
split_feature=3 1 0 2 0 2 0
split_gain=0.336065 0.674424 1.24409 2.00788 1.01464 0.66426 1.33695
threshold=0 150.00000000000003 0.32550000000000007 0.28650000000000003 0.067500000000000018 0.16450000000000004 0.13350000000000004
decision_type=9 2 2 2 2 2 2
left_child=1 2 -1 -4 -3 -2 -7
right_child=5 4 3 -5 -6 6 -8
leaf_value=0.00044432821191088659 -0.0093011011479572202 0.03580905416341381 -0.078391191422314654 -0.015350758918654041 0.0043335158741225682 0.0080748025310803176 -0.0034220812786744329
leaf_weight=93.381480596959591 92.666715307161212 10.846519768238066 5.9556153640151015 8.4317608475685102 183.60973233729601 142.81348150968552 346.69239577837288
leaf_count=511 615 45 66 55 885 643 1980
internal_value=-0.000133036 0.00257247 -0.00377303 -0.0311458 0.00608918 -0.00153755 -6.78621e-05
internal_weight=884.398 302.225 107.769 14.3874 194.456 582.173 489.506
internal_count=4800 1562 632 121 930 3238 2623
cat_boundaries=0 1
cat_threshold=4
is_linear=0
shrinkage=0.1


Tree=53
num_leaves=8
num_cat=2
split_feature=3 2 2 0 2 0 3
split_gain=0.279069 0.594086 0.541478 1.08201 0.97242 0.728187 0.761528
threshold=0 0.42750000000000005 0.16450000000000004 0.13350000000000004 0.36450000000000005 0.32150000000000006 1
decision_type=9 2 2 2 2 2 9
left_child=1 -1 5 4 -4 -2 -7
right_child=2 -3 3 -5 -6 6 -8
leaf_value=0.0014678204743227448 -0.0049213398595094691 0.024390960733007755 0.0039301735421025091 -0.0030846799522093308 0.027703981909696404 -0.059332101311615128 -0.017968938002094943
leaf_weight=290.27115277945995 79.8496178612113 11.763986572623251 123.06090797483921 346.18056335486472 20.001460865139961 5.6795746311545372 6.6675088517367822
leaf_count=1510 475 52 557 1980 86 64 76
internal_value=-0.000105284 0.00236066 -0.00138624 -6.14938e-05 0.00725397 -0.00841604 -0.0310165
internal_weight=883.475 302.035 581.44 489.243 143.062 92.1967 12.3471
internal_count=4800 1562 3238 2623 643 615 140
cat_boundaries=0 1 2
cat_threshold=4 2
is_linear=0
shrinkage=0.1


Tree=54
num_leaves=8
num_cat=4
split_feature=4 1 3 2 3 0 3
split_gain=0.276199 0.754065 4.85543 0.595413 0.727788 1.18231 0.951053
threshold=0 90.000000000000014 1 0.17850000000000002 2 0.19150000000000003 3
decision_type=9 2 9 2 9 2 9
left_child=1 2 -1 -3 -5 6 -6
right_child=-2 3 -4 4 5 -7 -8
leaf_value=-0.11932662162204422 0.00061221170761637639 -0.014306492342653274 -0.014306492342653274 -0.0061723391668685595 0.047595032951184814 -0.0035083249214899457 0.011242703850152157
leaf_weight=4.5949064288288355 763.23890962451696 20.164255138486624 8.8359520770609361 30.34046358987689 11.104536190629005 31.766035206615925 12.627964854240417
leaf_count=51 4069 135 72 170 54 191 58
internal_value=-8.75416e-05 -0.00455929 -0.026882 -0.00173094 0.00196181 0.00910746 0.0259937
internal_weight=882.673 119.434 13.4309 106.003 85.839 55.4985 23.7325
internal_count=4800 731 123 608 473 303 112
cat_boundaries=0 1 2 3 4
cat_threshold=2 2 1 2
is_linear=0
shrinkage=0.1


Tree=55
num_leaves=8
num_cat=3
split_feature=3 2 0 1 4 3 0
split_gain=0.232217 1.92718 2.8075 1.52909 1.85925 3.17304 1.26155
threshold=0 0.26050000000000006 0.24050000000000002 90.000000000000014 1 2 0.28550000000000003
decision_type=9 2 2 2 9 9 2
left_child=1 -1 -3 4 5 -2 -6
right_child=3 2 -4 -5 6 -7 -8
leaf_value=-0.011671616729254229 -0.1174862396501067 0.017551666477280247 -0.0033089112126381348 0.0031267219257852825 -0.0039473525424271209 -0.0039473525424271209 -0.031146146292473934
leaf_weight=125.16961007937789 4.2194323763251305 89.14074794948101 64.084915783256292 514.18007616326213 63.14003337174654 4.739007081836462 17.62041150778532
leaf_count=825 51 400 344 2626 354 37 163
internal_value=-7.67235e-05 -0.00246614 0.00505379 0.00102479 -0.0110214 -0.054244 -0.00622692
internal_weight=882.294 278.395 153.226 603.899 89.7189 8.95844 80.7604
internal_count=4800 1569 744 3231 605 88 517
cat_boundaries=0 1 2 3
cat_threshold=1 2 2
is_linear=0
shrinkage=0.1


Tree=56
num_leaves=8
num_cat=3
split_feature=3 2 0 1 4 3 0
split_gain=0.220797 1.49219 2.37686 1.18283 1.60768 2.96121 1.07299
threshold=0 0.26050000000000006 0.24050000000000002 90.000000000000014 1 2 0.28550000000000003
decision_type=9 2 2 2 9 9 2
left_child=1 -1 -3 4 5 -2 -6
right_child=3 2 -4 -5 6 -7 -8
leaf_value=-0.010575293887318827 -0.11583074720660398 0.015736666071837956 -0.003206226718139206 0.0028110092886388916 -0.0034365207146860922 -0.0034365207146860922 -0.028710193650292426
leaf_weight=124.37500418350101 3.8696723449975252 89.461688801646233 63.996392942965031 514.70689442381263 63.014548301696777 4.7272541224956512 17.22536813467741
leaf_count=825 51 400 344 2626 354 37 163
internal_value=-0.00010204 -0.00243485 0.00416284 0.000971836 -0.00968405 -0.0507827 -0.00528073
internal_weight=881.377 277.833 153.458 603.544 88.8368 8.59693 80.2399
internal_count=4800 1569 744 3231 605 88 517
cat_boundaries=0 1 2 3
cat_threshold=1 2 2
is_linear=0
shrinkage=0.1


Tree=57
num_leaves=8
num_cat=2
split_feature=3 2 0 1 4 0 2
split_gain=0.209939 1.25708 1.0584 0.908466 1.38578 0.910645 0.836036
threshold=0 0.11650000000000002 0.25450000000000006 90.000000000000014 1 0.28550000000000003 0.29950000000000004
decision_type=9 2 2 2 9 2 2
left_child=1 2 -1 4 -2 -6 -7
right_child=3 -3 -4 -5 5 6 -8
leaf_value=-0.013055627999744052 -0.047450881064036998 -0.00045200039944905324 -0.062242616643155335 0.0025274586424191368 -0.0029686793221511349 -0.04634880082112125 -0.014694651214553942
leaf_weight=15.659191571176054 8.2618126925081015 255.86482866480947 5.7825412936508647 515.17948484793305 62.905224420130253 10.658233635127546 6.2076229676604262
leaf_count=90 88 1419 60 2626 354 119 44
internal_value=-0.000123697 -0.00240106 -0.0256593 0.000923244 -0.00846482 -0.00442707 -0.0264206
internal_weight=880.519 277.307 21.4417 603.212 88.0329 79.7711 16.8659
internal_count=4800 1569 150 3231 605 517 163
cat_boundaries=0 1 2
cat_threshold=1 2
is_linear=0
shrinkage=0.1


Tree=58
num_leaves=8
num_cat=2
split_feature=3 2 0 0 1 4 0
split_gain=0.17773 1.07512 1.99345 0.748511 0.673247 1.20407 0.804015
threshold=0 0.26050000000000006 0.24050000000000002 0.095500000000000015 90.000000000000014 1 0.17850000000000002
decision_type=9 2 2 2 2 9 2
left_child=1 -1 3 -3 5 -2 -7
right_child=4 2 -4 -5 -6 6 -8
leaf_value=-0.0091191676098195222 -0.044215305812905378 0.031154346444936722 -0.0028500801856565822 0.0092536507192481493 0.0022727378490013514 -0.0024770083587212855 -0.016414163001442814
leaf_weight=123.25729030370712 7.994160370901227 20.114520147442818 63.898386228829622 69.618616625666618 515.60356361418962 37.418781861662865 41.814503885805607
leaf_count=825 88 87 344 313 2626 192 325
internal_value=-6.51073e-05 -0.00216237 0.00341901 0.0141629 0.000898196 -0.00722675 -0.00349483
internal_weight=879.72 276.889 153.632 89.7331 602.831 87.2274 79.2333
internal_count=4800 1569 744 400 3231 605 517
cat_boundaries=0 1 2
cat_threshold=1 2
is_linear=0
shrinkage=0.1


Tree=59
num_leaves=8
num_cat=1
split_feature=3 2 0 0 2 0 1
split_gain=0.175765 0.956071 0.941442 0.537835 0.610328 1.51144 0.478025
threshold=0 0.11650000000000002 0.25450000000000006 0.062500000000000014 0.25950000000000006 0.24050000000000002 90.000000000000014
decision_type=9 2 2 2 2 2 2
left_child=1 2 -1 -3 -5 -6 -2
right_child=6 3 -4 4 5 -7 -8
leaf_value=-0.011579308992541148 -0.0059892400072574549 0.023159237263607794 -0.058393256054678468 -0.0075715222717510789 0.010898842489913737 -0.0024702058175820642 0.0020438712845444232
leaf_weight=15.48163364082575 86.494466485455632 9.2823080420494062 5.47590472921729 96.329950459301472 85.587501406669617 64.238845877349377 515.98422072455287
leaf_count=90 605 42 60 648 382 347 2626
internal_value=-6.72467e-05 -0.00215513 -0.0226881 -0.000470499 -0.00136155 0.00263111 0.000890603
internal_weight=878.875 276.396 20.9575 255.439 246.156 149.826 602.479
internal_count=4800 1569 150 1419 1377 729 3231
cat_boundaries=0 1
cat_threshold=1
is_linear=0
shrinkage=0.1


end of trees

feature_importances:
down_payment_ratio=122
payment_to_income=118
term_months=91
lot_price_band=57
listing_type=32

parameters:
[boosting: gbdt]
[objective: binary]
[metric: binary_logloss]
[tree_learner: serial]
[device_type: cpu]
[data_sample_strategy: bagging]
[data: ]
[valid: ]
[num_iterations: 60]
[learning_rate: 0.1]
[num_leaves: 8]
[num_threads: 1]
[seed: 11]
[deterministic: 1]
[force_col_wise: 0]
[force_row_wise: 1]
[histogram_pool_size: -1]
[max_depth: -1]
[min_data_in_leaf: 40]
[min_sum_hessian_in_leaf: 0.001]
[bagging_fraction: 1]
[pos_bagging_fraction: 1]
[neg_bagging_fraction: 1]
[bagging_freq: 0]
[bagging_seed: 27648]
[bagging_by_query: 0]
[feature_fraction: 1]
[feature_fraction_bynode: 1]
[feature_fraction_seed: 4989]
[extra_trees: 0]
[extra_seed: 22223]
[early_stopping_round: 0]
[early_stopping_min_delta: 0]
[first_metric_only: 0]
[max_delta_step: 0]
[lambda_l1: 0]
[lambda_l2: 0]
[linear_lambda: 0]
[min_gain_to_split: 0]
[drop_rate: 0.1]
[max_drop: 50]
[skip_drop: 0.5]
[xgboost_dart_mode: 0]
[uniform_drop: 0]
[drop_seed: 21136]
[top_rate: 0.2]
[other_rate: 0.1]
[min_data_per_group: 100]
[max_cat_threshold: 32]
[cat_l2: 10]
[cat_smooth: 10]
[max_cat_to_onehot: 4]
[top_k: 20]
[monotone_constraints: -1,1,1,0,0]
[monotone_constraints_method: basic]
[monotone_penalty: 0]
[feature_contri: ]
[forcedsplits_filename: ]
[refit_decay_rate: 0.9]
[cegb_tradeoff: 1]
[cegb_penalty_split: 0]
[cegb_penalty_feature_lazy: ]
[cegb_penalty_feature_coupled: ]
[path_smooth: 0]
[interaction_constraints: ]
[verbosity: -1]
[saved_feature_importance_type: 0]
[use_quantized_grad: 0]
[num_grad_quant_bins: 4]
[quant_train_renew_leaf: 0]
[stochastic_rounding: 1]
[linear_tree: 0]
[max_bin: 255]
[max_bin_by_feature: ]
[min_data_in_bin: 3]
[bin_construct_sample_cnt: 200000]
[data_random_seed: 74]
[is_enable_sparse: 1]
[enable_bundle: 1]
[use_missing: 1]
[zero_as_missing: 0]
[feature_pre_filter: 1]
[pre_partition: 0]
[two_round: 0]
[header: 0]
[label_column: ]
[weight_column: ]
[group_column: ]
[ignore_column: ]
[categorical_feature: 3,4]
[forcedbins_filename: ]
[precise_float_parser: 0]
[parser_config_file: ]
[objective_seed: 24011]
[num_class: 1]
[is_unbalance: 0]
[scale_pos_weight: 1]
[sigmoid: 1]
[boost_from_average: 1]
[reg_sqrt: 0]
[alpha: 0.9]
[fair_c: 1]
[poisson_max_delta_step: 0.7]
[tweedie_variance_power: 1.5]
[lambdarank_truncation_level: 30]
[lambdarank_norm: 1]
[label_gain: ]
[lambdarank_position_bias_regularization: 0]
[eval_at: ]
[multi_error_top_k: 1]
[auc_mu_weights: ]
[num_machines: 1]
[local_listen_port: 12400]
[time_out: 120]
[machine_list_filename: ]
[machines: ]
[gpu_platform_id: -1]
[gpu_device_id: -1]
[gpu_device_id_list: ]
[gpu_use_dp: 0]
[num_gpu: 1]

end of parameters

pandas_categorical:null
