tree
version=v4
num_class=1
num_tree_per_iteration=1
label_index=0
max_feature_idx=10
objective=binary sigmoid:1
feature_names=stage touches replies hold_requests hold_approved days_since_first_contact days_since_buyer_activity opted_out lot_price_band listing_type phase_release
monotone_constraints=0 0 -1 -1 -1 0 1 1 0 0 0
feature_infos=-1:2:1:0:3 [0:5] [0:5] [0:1] [0:1] [0:180] [0:144] [0:1] -1:0:1:2 -1:0:1 -1:1:0
tree_sizes=967 990 997 990 980 1000 995 1012 997 996 1013 984 1009 990 1010 1001 1007 1015 1004 1013 974 986 1013 1008 979 1007 980 1005 994 1000 982 998 1020 1003 991 1014 1007 997 1011 1018 1003 1000 997 997 1006 997 1011 1000 1011 996 1017 1010 990 981 1014 1003 1006 983 1015 1016 976 1003 1017 1002 1005 992 989 981 1013 990 990 1019 989 1017 989 1011 995 985 1005 1019

Tree=0
num_leaves=8
num_cat=0
split_feature=3 2 1 2 2 7 7
split_gain=483.763 122.907 67.043 26.3762 25.8198 20.4745 18.3735
threshold=1.0000000180025095e-35 1.5000000000000002 1.5000000000000002 1.0000000180025095e-35 1.5000000000000002 1.0000000180025095e-35 1.0000000180025095e-35
decision_type=2 2 2 2 2 2 2
left_child=1 2 5 -4 -2 -1 -3
right_child=4 6 3 -5 -6 -7 -8
leaf_value=0.45032448177987561 0.3207830919985073 0.37975955510939741 0.54351514296603431 0.48694855362117861 0.2461534239808337 0.5385876845313452 0.43716358111491316
leaf_weight=395.56189027428627 134.08068898320198 169.86734974384308 171.29881617426872 158.89277377724648 70.857588306069374 28.15217313170433 16.461863949894905
leaf_count=1658 562 712 718 666 297 118 69
internal_value=0.434195 0.464539 0.482514 0.516295 0.29498 0.456189 0.391814
internal_weight=1145.17 940.235 753.906 330.192 204.938 423.714 186.329
internal_count=4800 3941 3160 1384 859 1776 781
is_linear=0
shrinkage=1


Tree=1
num_leaves=8
num_cat=0
split_feature=3 2 7 1 2 2 7
split_gain=384.401 98.7507 61.2806 37.7174 20.4737 19.4276 15.9744
threshold=1.0000000180025095e-35 1.5000000000000002 1.0000000180025095e-35 2.5000000000000004 1.0000000180025095e-35 1.5000000000000002 1.0000000180025095e-35
decision_type=2 2 2 2 2 2 2
left_child=1 2 3 4 -1 -2 -3
right_child=5 6 -4 -5 -6 -7 -8
leaf_value=0.0339046576559104 -0.099810741227549238 -0.047176408979300026 0.12134880747909059 0.077369606507864841 0.003485915639893897 -0.16364622209624949 0.003485915639893897
leaf_weight=376.89287683367729 136.9466695189476 171.73348760604858 90.096139013767242 149.40183898806572 129.12239927053452 73.136529877781868 16.451387822628021
leaf_count=1591 562 712 386 638 545 297 69
internal_value=0.000182272 0.027681 0.0440203 0.0333904 0.0203554 -0.122034 -0.0370484
internal_weight=1143.78 933.698 745.513 655.417 506.015 210.083 188.185
internal_count=4800 3941 3160 2774 2136 859 781
is_linear=0
shrinkage=0.1


Tree=2
num_leaves=8
num_cat=0
split_feature=3 7 2 1 4 2 2
split_gain=307.338 81.9102 73.9973 32.2036 16.2794 14.6769 14.5257
threshold=1.0000000180025095e-35 1.0000000180025095e-35 1.5000000000000002 1.5000000000000002 1.0000000180025095e-35 1.0000000180025095e-35 1.0000000180025095e-35
decision_type=2 2 2 2 2 2 2
left_child=1 2 3 5 -2 -1 -5
right_child=4 -3 -4 6 -6 -7 -8
leaf_value=0.023378935165164063 -0.074693344737998033 0.10882253439996324 -0.041654192753078696 0.061619865559377832 -0.13104274234547347 -0.0058688282206369874 0.027748368687012154
leaf_weight=315.39746288955212 86.027457490563393 103.46938803792 173.16712403297424 126.92741131782532 126.89507819712162 76.256039008498192 130.64629504084587
leaf_count=1337 347 455 712 555 512 321 561
internal_value=5.45004e-05 0.0249674 0.0144172 0.0299165 -0.108276 0.011855 0.0573799
internal_weight=1138.79 925.864 822.394 649.227 212.923 391.654 257.574
internal_count=4800 3941 3486 2774 859 1658 1116
is_linear=0
shrinkage=0.1


Tree=3
num_leaves=8
num_cat=0
split_feature=3 7 2 1 2 1 2
split_gain=248.352 69.7146 62.2829 26.0622 17.5668 19.1363 15.9573
threshold=1.0000000180025095e-35 1.0000000180025095e-35 1.0000000180025095e-35 1.5000000000000002 2.5000000000000004 3.5000000000000004 1.5000000000000002
decision_type=2 2 2 2 2 2 2
left_child=1 2 3 -1 5 -4 -2
right_child=6 -3 4 -5 -6 -7 -8
leaf_value=0.021167529338365527 -0.076930857080662232 0.10162468509255712 -0.020630122168557391 0.057381559114988372 -0.037017695301364943 0.011183919060411681 -0.13428429754925911
leaf_weight=313.6107814759016 140.033367395401 99.90525159239769 219.36494110524654 124.55901175737381 67.315533757209778 93.64131124317646 74.224351778626442
leaf_count=1337 562 455 924 555 275 395 297
internal_value=0.000146986 0.0227642 0.0131384 0.0388383 -0.0164705 -0.00424255 -0.0967996
internal_weight=1132.65 918.397 818.492 438.17 380.322 313.006 214.258
internal_count=4800 3941 3486 1892 1594 1319 859
is_linear=0
shrinkage=0.1


Tree=4
num_leaves=8
num_cat=0
split_feature=3 2 1 6 2 5 1
split_gain=202.823 59.37 46.6199 19.1963 13.3828 12.111 12.0267
threshold=1.0000000180025095e-35 1.5000000000000002 2.5000000000000004 15.500000000000002 1.5000000000000002 10.500000000000002 1.5000000000000002
decision_type=2 2 2 8 2 2 2
left_child=1 2 3 -1 6 -5 -2
right_child=4 -3 -4 5 -6 -7 -8
leaf_value=0.0077538375816729038 -0.088725821222810891 -0.028702600629505044 0.077375783762390751 0.029137770362903343 -0.12163300275366483 0.070234381876407112 -0.033077837904882813
leaf_weight=393.33606439828873 97.450675874948502 190.25660672783852 185.0378406047821 32.680040404200554 73.769147381186485 110.46340590715408 42.979347914457321
leaf_count=1701 390 781 838 141 297 480 172
internal_value=0.000418955 0.0209902 0.0340937 0.0191652 -0.0871459 0.0505217 -0.0690295
internal_weight=1125.97 911.774 721.517 536.48 214.199 143.143 140.43
internal_count=4800 3941 3160 2322 859 621 562
is_linear=0
shrinkage=0.1


Tree=5
num_leaves=8
num_cat=0
split_feature=3 7 2 1 4 2 1
split_gain=164.222 57.8088 48.9148 22.4508 13.4519 11.9507 15.9545
threshold=1.0000000180025095e-35 1.0000000180025095e-35 1.0000000180025095e-35 1.5000000000000002 1.0000000180025095e-35 2.5000000000000004 3.5000000000000004
decision_type=2 2 2 2 2 2 2
left_child=1 2 3 -1 -2 6 -4
right_child=4 -3 5 -5 -6 -7 -8
leaf_value=0.017170530661923655 -0.048177185454287237 0.0928620454067135 -0.017403613657086491 0.051566492874136699 -0.099355006754511921 -0.029865886469167727 0.0087369972925382677
leaf_weight=310.17861369252205 86.261176928877831 94.656142801046371 219.15380518138409 119.83156494796276 126.93797986209393 67.885585501790047 92.545672088861465
leaf_count=1337 347 455 924 555 512 275 395
internal_value=0.000302047 0.0189165 0.0102709 0.0333651 -0.0786483 -0.0158911 -0.00494134
internal_weight=1117.45 904.251 809.595 430.01 213.199 379.585 311.699
internal_count=4800 3941 3486 1892 859 1594 1319
is_linear=0
shrinkage=0.1


Tree=6
num_leaves=8
num_cat=0
split_feature=3 7 2 1 2 2 1
split_gain=134.717 49.2454 41.6294 20.3734 12.1005 10.63 14.0155
threshold=1.0000000180025095e-35 1.0000000180025095e-35 1.0000000180025095e-35 1.5000000000000002 1.5000000000000002 2.5000000000000004 3.5000000000000004
decision_type=2 2 2 2 2 2 2
left_child=1 2 3 -1 -2 6 -4
right_child=4 -3 5 -5 -6 -7 -8
leaf_value=0.015529827460913755 -0.054151634040682475 0.087117915374015947 -0.015458441234713585 0.048317062372162323 -0.10463402728149335 -0.026950188983678947 0.0082235838173113276
leaf_weight=308.7332000285387 139.91376326978207 91.000780642032623 219.95944917201996 117.51085537672043 71.872282058000565 68.098295107483864 92.360675856471062
leaf_count=1337 562 455 924 555 297 275 395
internal_value=0.000457274 0.0173831 0.00951621 0.0309775 -0.0712835 -0.0145303 -0.00396669
internal_weight=1109.45 897.663 806.662 426.244 211.786 380.418 312.32
internal_count=4800 3941 3486 1892 859 1594 1319
is_linear=0
shrinkage=0.1


Tree=7
num_leaves=8
num_cat=1
split_feature=3 7 2 1 4 10 5
split_gain=110.832 41.9906 35.5753 22.7522 11.4789 10.5582 8.78769
threshold=1.0000000180025095e-35 1.0000000180025095e-35 1.5000000000000002 1.5000000000000002 1.0000000180025095e-35 0 30.500000000000004
decision_type=2 2 2 2 2 9 2
left_child=1 2 3 5 -2 -1 -3
right_child=4 6 -4 -5 -6 -7 -8
leaf_value=0.045301379144913889 -0.036580964984639232 0.054866843852649352 -0.024424647149011072 0.043988563714040863 -0.08420076245188518 -0.0016470934435595303 0.11912464012593429
leaf_weight=52.15730781853199 85.355603143572807 50.796935930848122 175.8398824185133 243.61779813468456 124.38962587714195 332.13999596238136 36.629147171974182
leaf_count=225 347 264 712 1116 512 1433 191
internal_value=0.000579897 0.0159726 0.00881365 0.0200807 -0.0648219 0.0049248 0.0817891
internal_weight=1100.93 891.181 803.755 627.915 209.745 384.297 87.4261
internal_count=4800 3941 3486 2774 859 1658 455
cat_boundaries=0 1
cat_threshold=1
is_linear=0
shrinkage=0.1


Tree=8
num_leaves=8
num_cat=2
split_feature=3 0 7 1 8 6 2
split_gain=90.5067 36.975 25.9516 18.8426 13.6956 17.7956 10.9461
threshold=1.0000000180025095e-35 0 1.0000000180025095e-35 1.5000000000000002 1 17.500000000000004 1.5000000000000002
decision_type=2 1 2 2 9 8 2
left_child=1 3 4 -1 -3 -6 -2
right_child=6 2 -4 -5 5 -7 -8
leaf_value=0.018146110657810941 -0.042734687079430025 0.017971652001183263 0.073175550368013306 0.071172819032482834 -0.022292624293183808 0.01971118789784157 -0.091436807550153265
leaf_weight=126.79595184326172 138.36089971661568 175.02498550713062 45.496245846152306 142.12545615434647 283.67842806875706 110.75985878705978 69.245076030492783
leaf_count=563 562 744 240 718 1203 473 297
internal_value=0.000437804 0.0143936 0.000489461 0.0445155 -0.00530907 -0.0156395 -0.0589788
internal_weight=1091.49 883.881 614.96 268.921 569.463 394.438 207.606
internal_count=4800 3941 2660 1281 2420 1676 859
cat_boundaries=0 1 2
cat_threshold=2 4
is_linear=0
shrinkage=0.1


Tree=9
num_leaves=8
num_cat=0
split_feature=3 7 2 5 4 5 1
split_gain=73.787 32.1119 30.2676 14.2727 9.94099 8.4215 7.78255
threshold=1.0000000180025095e-35 1.0000000180025095e-35 1.0000000180025095e-35 10.500000000000002 1.0000000180025095e-35 30.500000000000004 3.5000000000000004
decision_type=2 2 2 2 2 2 2
left_child=1 2 3 -1 -2 -3 -4
right_child=4 5 6 -5 -6 -7 -8
leaf_value=0.0058547465923936759 -0.027379248462029767 0.045920995346218935 -0.020458204437438669 0.039763930738077297 -0.072133812569827205 0.11142332476953565 0.0050651563292086997
leaf_weight=171.91462685167789 84.168706476688385 47.860394686460495 233.47446505725384 244.17037425935268 120.9525983184576 33.273932904005051 146.36331370472908
leaf_count=761 347 264 979 1131 512 191 615
internal_value=0.000225058 0.012853 0.00674376 0.0253758 -0.0537694 0.0727841 -0.0136663
internal_weight=1082.18 877.057 795.923 416.085 205.121 81.1343 379.838
internal_count=4800 3941 3486 1892 859 455 1594
is_linear=0
shrinkage=0.1


Tree=10
num_leaves=8
num_cat=1
split_feature=0 3 1 7 2 1 6
split_gain=61.9215 32.3731 30.5361 15.7584 12.5729 17.8487 8.91834
threshold=0 1.0000000180025095e-35 1.5000000000000002 1.0000000180025095e-35 2.5000000000000004 3.5000000000000004 15.500000000000002
decision_type=1 2 2 2 2 2 10
left_child=2 3 6 4 5 -2 -1
right_child=1 -3 -4 -5 -6 -7 -8
leaf_value=0.005002802073991639 -0.017634585314109868 -0.058287521027107138 0.066220500765196949 0.058970651245149275 -0.032538196154665182 0.02319749540657521 0.054942068529075461
leaf_weight=306.28791271150112 220.68363538384438 173.08503103256226 139.61556766927242 33.49402479827404 68.388235434889793 91.545259207487106 40.487212091684341
leaf_count=1354 924 739 738 189 275 395 186
internal_value=9.51177e-05 -0.021601 0.0261934 -0.00678887 -0.0125757 -0.00273097 0.0108334
internal_weight=1073.59 587.196 486.391 414.111 380.617 312.229 346.775
internal_count=4800 2522 2278 1783 1594 1319 1540
cat_boundaries=0 1
cat_threshold=3
is_linear=0
shrinkage=0.1


Tree=11
num_leaves=8
num_cat=3
split_feature=0 3 1 2 1 10 9
split_gain=50.9906 26.6328 26.1383 13.5494 19.9975 8.38794 8.36306
threshold=0 1.0000000180025095e-35 1.5000000000000002 2.5000000000000004 3.5000000000000004 1 2
decision_type=1 2 2 2 2 9 9
left_child=2 3 5 4 -2 -1 -6
right_child=1 -3 -4 -5 6 -7 -8
leaf_value=0.049840981303413356 -0.013456654821610037 -0.053260945648322781 0.061648774076755175 -0.029780978190057206 -0.013456654821610037 0.0037293084249523586 0.051151391047245587
leaf_weight=45.416908547282219 233.87659546732903 170.61139138042927 135.20823486149311 72.481146618723869 17.349581301212311 300.20214328169823 89.707893192768097
leaf_count=206 998 739 738 296 78 1334 411
internal_value=2.51056e-05 -0.0196824 0.0238752 -0.00630101 0.00286767 0.00978872 0.038664
internal_weight=1064.85 584.027 480.827 413.415 340.934 345.619 107.057
internal_count=4800 2522 2278 1783 1487 1540 489
cat_boundaries=0 1 2 3
cat_threshold=3 1 2
is_linear=0
shrinkage=0.1


Tree=12
num_leaves=8
num_cat=1
split_feature=0 7 1 3 2 1 6
split_gain=42.3046 24.396 22.3335 20.7384 10.995 11.8468 7.63074
threshold=0 1.0000000180025095e-35 1.5000000000000002 1.0000000180025095e-35 2.5000000000000004 3.5000000000000004 20.500000000000004
decision_type=1 2 2 2 2 2 10
left_child=2 3 6 4 5 -2 -1
right_child=1 -3 -4 -5 -6 -7 -8
leaf_value=0.0044543632952042328 -0.01556126275145079 0.05805597093212287 0.05734378159771323 -0.05392784651503623 -0.032541095210475261 0.017082338173535418 0.059313336466015346
leaf_weight=317.00757038593292 221.96284934878349 38.938315704464912 131.04620115458965 161.41738337278366 68.627390682697296 90.067716509103775 27.55978299677372
leaf_count=1410 924 218 738 710 275 395 130
internal_value=-0.000121959 -0.018088 0.0217486 -0.0238913 -0.0111543 -0.0023689 0.00884219
internal_weight=1056.63 581.014 475.614 542.075 380.658 312.031 344.567
internal_count=4800 2522 2278 2304 1594 1319 1540
cat_boundaries=0 1
cat_threshold=3
is_linear=0
shrinkage=0.1


Tree=13
num_leaves=8
num_cat=2
split_feature=2 1 2 10 6 0 5
split_gain=36.7811 33.2105 15.3429 14.9356 13.2209 9.23557 8.74601
threshold=1.5000000000000002 2.5000000000000004 3.5000000000000004 0 8.5000000000000018 1 58.500000000000007
decision_type=2 2 2 9 8 1 2
left_child=1 3 4 5 -2 -1 -5
right_child=2 -3 -4 6 -6 -7 -8
leaf_value=0.005834311072037285 -0.049523527338965465 0.048919455931899058 -0.09228112411672576 0.023689372127177234 -0.011530917801186714 -0.011530917801186714 0.12151166247479039
leaf_weight=329.13506790995598 111.35845431685448 174.80218243598938 37.702405586838722 104.13265420496464 102.25721578299999 179.06123158335686 10.019128665328024
leaf_count=1518 475 920 163 473 440 765 46
internal_value=-0.000110504 0.0104061 -0.033468 -0.00041132 -0.0230876 -0.00775343 0.0322753
internal_weight=1048.47 797.15 251.318 622.348 213.616 508.196 114.152
internal_count=4800 3722 1078 2802 915 2283 519
cat_boundaries=0 1 2
cat_threshold=2 3
is_linear=0
shrinkage=0.1


Tree=14
num_leaves=8
num_cat=1
split_feature=4 7 2 1 10 5 5
split_gain=33.8685 26.2298 18.0057 14.774 7.45722 7.21021 4.82817
threshold=1.0000000180025095e-35 1.0000000180025095e-35 1.5000000000000002 1.5000000000000002 0 30.500000000000004 34.500000000000007
decision_type=2 2 2 2 9 2 2
left_child=1 2 3 4 -1 -3 -2
right_child=6 5 -4 -5 -6 -7 -8
leaf_value=0.03161052241133247 -0.066793891882319711 0.037651980121814019 -0.023015412312570618 0.029044497734687497 -0.0069585769559090717 0.10076929919392008 -0.023062041789029486
leaf_weight=55.152996271848679 74.730979934334755 46.45141589641571 202.75725787878036 236.49920547008514 359.63420744240284 29.65219321846962 38.125069513916969
leaf_count=247 339 277 833 1174 1560 197 173
internal_value=-0.000287289 0.00598956 0.00097671 0.00909826 -0.00227449 0.0622443 -0.0520204
internal_weight=1043 930.147 854.044 651.286 414.787 76.1036 112.856
internal_count=4800 4288 3814 2981 1807 474 512
cat_boundaries=0 1
cat_threshold=1
is_linear=0
shrinkage=0.1


Tree=15
num_leaves=8
num_cat=2
split_feature=7 3 8 6 5 0 2
split_gain=28.6058 27.4307 13.9424 13.8711 7.66445 7.04452 6.89471
threshold=1.0000000180025095e-35 1.0000000180025095e-35 0 17.500000000000004 14.500000000000002 1 3.5000000000000004
decision_type=2 2 9 8 2 1 2
left_child=1 2 6 5 -5 -4 -1
right_child=-2 -3 3 4 -6 -7 -8
leaf_value=0.026528700473475261 0.058095943978951126 -0.039807066067461566 0.0020825239929775558 0.0020825239929775558 0.026528700473475261 -0.018305935511432388 -0.018305935511432388
leaf_weight=230.36693592369556 77.576688840985298 183.46786218881607 101.3271300047636 30.276062205433846 119.72219815850258 283.53999294340611 9.4955787658691388
leaf_count=1047 492 822 507 135 556 1203 38
internal_value=-0.000309933 -0.00503854 0.0031952 -0.00578847 0.0200071 -0.015842 0.0232277
internal_weight=1035.77 958.196 774.728 534.865 149.998 384.867 239.863
internal_count=4800 4308 3486 2401 691 1710 1085
cat_boundaries=0 1 2
cat_threshold=4 2
is_linear=0
shrinkage=0.1


Tree=16
num_leaves=8
num_cat=1
split_feature=0 2 1 1 6 5 6
split_gain=24.9944 17.1607 25.2283 15.9882 11.2959 10.2357 12.9163
threshold=0 3.5000000000000004 4.5000000000000009 2.5000000000000004 15.500000000000002 28.500000000000004 74.000000000000014
decision_type=1 2 2 2 8 2 8
left_child=3 2 4 -1 -2 -6 -7
right_child=1 -3 -4 -5 5 6 -8
leaf_value=0.0092986027230895808 -0.028914796842878267 -0.080834807541208517 0.044796759812462894 0.061907759566896405 -0.011749244436585442 0.0016895506901415725 0.082592315299468533
leaf_weight=393.65406015515327 322.59044294059277 36.620353102684021 72.410396799445152 67.701310619711876 46.604866534471512 60.442233711481094 29.299974754452705
leaf_count=1844 1409 163 337 434 206 277 130
internal_value=-0.000440987 -0.0143703 -0.0100601 0.0166576 -0.0187153 0.00541631 0.0281035
internal_weight=1029.32 567.968 531.348 461.355 458.938 136.347 89.7422
internal_count=4800 2522 2359 2278 2022 613 407
cat_boundaries=0 1
cat_threshold=3
is_linear=0
shrinkage=0.1


Tree=17
num_leaves=8
num_cat=1
split_feature=7 4 2 10 1 5 6
split_gain=22.9029 20.8568 13.6153 11.382 9.7622 6.21964 5.71157
threshold=1.0000000180025095e-35 1.0000000180025095e-35 2.5000000000000004 0 3.5000000000000004 28.500000000000004 25.500000000000004
decision_type=2 2 2 9 2 2 8
left_child=1 2 3 -1 6 -2 -5
right_child=5 -3 -4 4 -6 -7 -8
leaf_value=0.024140245458452673 0.029016992798875776 -0.046880607059022479 -0.02318440603445282 -0.0090397682906977507 0.024140245458452673 0.08793415920690667 0.014683696882863476
leaf_weight=103.25584387779236 44.068206205964088 104.31314277648926 82.213532775640488 440.65917614102364 106.06807698309422 30.194395147264004 113.57119435071945
leaf_count=482 276 494 341 1954 514 216 523
internal_value=-0.000511116 -0.0046916 0.000511795 0.00510487 -0.000178145 0.0529721 -0.00553639
internal_weight=1024.34 950.081 845.768 763.554 660.298 74.2626 554.23
internal_count=4800 4308 3814 3473 2991 492 2477
cat_boundaries=0 1
cat_threshold=1
is_linear=0
shrinkage=0.1


Tree=18
num_leaves=8
num_cat=1
split_feature=2 1 10 6 7 5 1
split_gain=20.5529 21.283 11.708 9.7304 8.30964 8.16319 5.32376
threshold=1.5000000000000002 3.5000000000000004 0 8.5000000000000018 1.0000000180025095e-35 58.500000000000007 4.5000000000000009
decision_type=2 2 9 8 2 2 2
left_child=1 2 4 6 -1 -4 -2
right_child=3 -3 5 -5 -6 -7 -8
leaf_value=-0.007771498841870568 -0.058505905097201216 0.053162156973102205 0.020976189368640666 -0.0091053411962056605 0.043292664940823816 0.10843202303674609 -0.027060091348738071
leaf_weight=525.78694498538971 95.549863547086716 90.185198865830898 111.92842674255371 117.43335543572903 33.92374026030302 11.797885887324808 32.394709378480911
leaf_count=2373 417 527 534 515 228 60 146
internal_value=-0.000495967 0.00750242 0.00147723 -0.0257131 -0.00467653 0.0293155 -0.0450148
internal_weight=1019 773.622 683.437 245.378 559.711 123.726 127.945
internal_count=4800 3722 3195 1078 2601 594 563
cat_boundaries=0 1
cat_threshold=2
is_linear=0
shrinkage=0.1


Tree=19
num_leaves=8
num_cat=1
split_feature=4 7 8 6 5 5 2
split_gain=18.0323 13.4152 11.6702 8.95474 6.5203 6.50894 5.86597
threshold=1.0000000180025095e-35 1.0000000180025095e-35 0 17.500000000000004 34.500000000000007 30.500000000000004 3.5000000000000004
decision_type=2 2 9 8 2 2 2
left_child=1 2 6 -4 -5 -3 -1
right_child=-2 5 3 4 -6 -7 -8
leaf_value=0.022142203695235292 -0.039296452150036881 0.024166968787304895 -0.014707879260428644 -0.00074726869665297656 0.024166968787304895 0.088698762838694892 -0.017528715018927669
leaf_weight=251.74714352190495 106.26443812251091 42.103397324681282 421.60012938082218 70.90166474878788 86.975873440504074 24.318713136017323 11.177059695124624
leaf_count=1152 512 277 1875 326 414 197 47
internal_value=-0.000318485 0.00423902 0.000827448 -0.0071008 0.0132133 0.0475065 0.0183011
internal_weight=1015.09 908.824 842.402 579.478 157.878 66.4221 262.924
internal_count=4800 4288 3814 2615 740 474 1199
cat_boundaries=0 1
cat_threshold=4
is_linear=0
shrinkage=0.1


Tree=20
num_leaves=8
num_cat=3
split_feature=2 1 0 10 5 9 1
split_gain=17.117 18.9975 16.233 9.71669 7.75266 7.19476 6.54726
threshold=3.5000000000000004 4.5000000000000009 0 1 52.500000000000007 2 1.5000000000000002
decision_type=2 2 1 9 2 9 2
left_child=1 2 6 4 -4 -3 -1
right_child=-2 5 3 -5 -6 -7 -8
leaf_value=0.0050460913104330438 -0.068806442152491029 -0.02654563698348246 0.0035592241554377522 -0.02177349811145974 0.091888433050327123 0.059212243775059042 0.034081064694861683
leaf_weight=338.20856315642595 35.237022921442986 11.307968392968178 56.418252147734165 383.98858293890953 12.060930542647837 72.538279481232166 100.81338105350733
leaf_count=1540 163 58 252 1714 56 379 638
internal_value=-0.000335263 0.00213847 -0.00214164 -0.015248 0.0191163 0.0476465 0.0114526
internal_weight=1010.57 975.336 891.49 452.468 68.4792 83.8462 439.022
internal_count=4800 4637 4200 2022 308 437 2178
cat_boundaries=0 1 2 3
cat_threshold=3 1 2
is_linear=0
shrinkage=0.1


Tree=21
num_leaves=8
num_cat=3
split_feature=2 1 5 9 10 7 0
split_gain=15.3921 12.9369 10.5176 10.0577 9.68805 9.1867 7.08146
threshold=2.5000000000000004 4.5000000000000009 34.500000000000007 0 1 1.0000000180025095e-35 2
decision_type=2 2 2 9 9 2 1
left_child=1 4 -2 -3 -1 6 -6
right_child=2 3 -4 -5 5 -7 -8
leaf_value=0.027454193699022036 -0.067188671736899505 -0.016824857115765247 -0.016824857115765247 0.067302696950452517 0.0033769360037100116 0.039367092650981504 -0.016819069418495956
leaf_weight=116.20592786371708 58.31467878818512 9.3746104016900063 41.996082454919815 50.589994847774506 353.87813822925091 46.518730081617832 329.62479355931282
leaf_count=569 263 49 189 289 1675 331 1435
internal_value=-0.000297707 0.00381667 -0.0374664 0.0487016 0.000636079 -0.00363287 -0.00655942
internal_weight=1006.5 906.192 100.311 59.9646 846.228 730.022 683.503
internal_count=4800 4348 452 338 4010 3441 3110
cat_boundaries=0 1 2 3
cat_threshold=2 1 3
is_linear=0
shrinkage=0.1


Tree=22
num_leaves=8
num_cat=1
split_feature=4 7 8 6 5 5 2
split_gain=13.1463 9.22302 9.34351 7.00528 6.03715 5.45726 4.2684
threshold=1.0000000180025095e-35 1.0000000180025095e-35 0 17.500000000000004 30.500000000000004 14.500000000000002 3.5000000000000004
decision_type=2 2 9 8 2 2 2
left_child=1 2 6 -4 -3 -5 -1
right_child=-2 4 3 5 -6 -7 -8
leaf_value=0.019864579998453896 -0.034017773850643827 0.020835881476275884 -0.012918733915800243 -0.00052185562644827194 0.083041928548796273 0.020835881476275884 -0.015179950621685825
leaf_weight=248.9896439909935 103.25149476528168 40.294305451214314 420.49003532528877 31.934047564864159 22.003829501569271 124.38769102096558 10.924567773938177
leaf_count=1152 512 277 1875 144 197 596 47
internal_value=-0.000223362 0.00365787 0.000894134 -0.00619938 0.0407776 0.011875 0.0166363
internal_weight=1002.28 899.024 836.726 576.812 62.2981 156.322 259.914
internal_count=4800 4288 3814 2615 474 740 1199
cat_boundaries=0 1
cat_threshold=4
is_linear=0
shrinkage=0.1


Tree=23
num_leaves=8
num_cat=1
split_feature=2 1 1 5 6 10 3
split_gain=12.3533 16.022 7.20741 6.44095 6.18055 4.67971 4.0568
threshold=1.5000000000000002 1.5000000000000002 4.5000000000000009 99.500000000000014 8.5000000000000018 0 1.0000000180025095e-35
decision_type=2 2 2 2 8 9 2
left_child=1 3 5 -1 6 -3 -2
right_child=4 2 -4 -5 -6 -7 -8
leaf_value=-0.0068028956965346518 -0.025355108932785638 0.053680263717937951 0.068926533275165666 0.077499958143014663 -0.007077389928560468 0.01360643672871345 -0.067058866698236394
leaf_weight=469.20901474356651 93.642708323895931 33.766152895987034 32.90059644728899 9.2413611486554128 115.42515705525875 212.72098132222891 31.063256248831749
leaf_count=2122 388 190 220 44 515 1146 175
internal_value=-0.000326303 0.00593649 0.0249641 -0.00517457 -0.0200913 0.0190961 -0.0357432
internal_weight=997.969 757.838 279.388 478.45 240.131 246.487 124.706
internal_count=4800 3722 1556 2166 1078 1336 563
cat_boundaries=0 1
cat_threshold=1
is_linear=0
shrinkage=0.1


Tree=24
num_leaves=8
num_cat=3
split_feature=2 1 0 10 5 9 5
split_gain=11.0986 12.5735 10.0911 6.04606 6.30445 5.34934 5.05069
threshold=3.5000000000000004 4.5000000000000009 0 1 58.500000000000007 2 10.500000000000002
decision_type=2 2 1 9 2 9 2
left_child=1 2 6 4 -4 -3 -1
right_child=-2 5 3 -5 -6 -7 -8
leaf_value=-0.0031159065712015386 -0.056747293180550086 -0.02437872143196183 0.0032071137170632796 -0.017239695197956113 0.092890312290233548 0.05023842654330346 0.018701711860003599
leaf_weight=186.33458002656698 33.590897232294083 11.175220586359501 58.563942119479179 380.7124415487051 9.0495697259902936 68.499211832880974 246.43096018582582
leaf_count=873 163 58 264 1714 44 379 1305
internal_value=-0.000245571 0.00172988 -0.00171021 -0.0120764 0.0152105 0.0397725 0.00909755
internal_weight=994.357 960.766 881.091 448.326 67.6135 79.6744 432.766
internal_count=4800 4637 4200 2022 308 437 2178
cat_boundaries=0 1 2 3
cat_threshold=3 1 2
is_linear=0
shrinkage=0.1


Tree=25
num_leaves=8
num_cat=2
split_feature=4 10 7 8 6 6 2
split_gain=9.66739 7.45785 6.65818 6.01472 5.78438 4.77079 3.94178
threshold=1.0000000180025095e-35 0 1.0000000180025095e-35 1 13.500000000000002 37.500000000000007 1.0000000180025095e-35
decision_type=2 9 2 9 8 8 2
left_child=1 -1 3 -3 -4 -5 -2
right_child=6 2 4 5 -6 -7 -8
leaf_value=0.026302773610355143 -0.013257782305624542 0.010634393059823092 0.0155098731483349 -0.013257782305624542 0.077918719478632381 0.011986207709873208 -0.046999372521092569
leaf_weight=119.87631151080132 42.275634706020355 222.8600030913949 32.606570422649384 407.74692095816135 19.434488594532013 88.026459842920303 58.247355565428734
leaf_count=603 200 1031 240 1833 171 410 312
internal_value=-0.000218552 0.00309967 -0.000509514 -0.00301079 0.0340305 -0.00914457 -0.0296152
internal_weight=991.074 890.551 770.674 718.633 52.0411 495.773 100.523
internal_count=4800 4288 3685 3274 411 2243 512
cat_boundaries=0 1 2
cat_threshold=1 4
is_linear=0
shrinkage=0.1


Tree=26
num_leaves=8
num_cat=3
split_feature=2 5 9 1 1 10 8
split_gain=9.29896 8.4846 8.09285 11.8525 6.47595 5.38004 4.88108
threshold=2.5000000000000004 33.500000000000007 0 4.5000000000000009 4.5000000000000009 1 2
decision_type=2 2 9 2 2 9 9
left_child=2 4 -1 5 -2 -4 -5
right_child=1 -3 3 6 -6 -7 -8
leaf_value=-0.013289632259448781 -0.084942579375441196 -0.013289632259448781 0.025540269872558852 0.0024492317050157498 -0.013988708137184239 0.00042919091264410555 0.075601812422270903
leaf_weight=118.90875729173422 34.159514114260674 42.372300028800964 98.780154101550579 12.468993626534939 20.632882490754128 626.18208891898394 33.973667681217194
leaf_count=570 159 195 499 77 98 2990 212
internal_value=-0.000205272 -0.0295798 0.00300053 0.00698807 -0.0582239 0.00385072 0.0559617
internal_weight=987.478 97.1647 890.314 771.405 54.7924 724.962 46.4427
internal_count=4800 452 4348 3778 257 3489 289
cat_boundaries=0 1 2 3
cat_threshold=2 1 1
is_linear=0
shrinkage=0.1


Tree=27
num_leaves=8
num_cat=1
split_feature=2 1 3 6 5 8 5
split_gain=8.0794 8.75564 7.89649 5.86913 10.7029 3.96604 6.06158
threshold=3.5000000000000004 4.5000000000000009 1.0000000180025095e-35 25.500000000000004 14.500000000000002 0 35.500000000000007
decision_type=2 2 2 8 2 9 2
left_child=1 2 3 -1 -5 6 -3
right_child=-2 5 -4 4 -6 -7 -8
leaf_value=-0.0016748138800090373 -0.049254096294404873 0.10804544427218273 -0.021804779305759085 0.0093398756219676398 0.042927582900531405 0.018407497188780497 0.0059838796060330485
leaf_weight=565.93080373108387 32.481630131602287 14.554300352931024 155.68908198177814 42.395520143210888 111.41346091777086 52.950455971062183 9.6958090439438802
leaf_count=2677 163 84 737 198 588 297 56
internal_value=-0.000209625 0.00146264 -0.00138433 0.00303288 0.0203546 0.0337463 0.0672386
internal_weight=985.111 952.629 875.429 719.74 153.809 77.2006 24.2501
internal_count=4800 4637 4200 3463 786 437 140
cat_boundaries=0 1
cat_threshold=4
is_linear=0
shrinkage=0.1


Tree=28
num_leaves=8
num_cat=2
split_feature=2 1 5 8 9 4 1
split_gain=7.91305 11.9774 4.92783 4.90262 4.3604 4.08453 3.89829
threshold=1.5000000000000002 1.5000000000000002 99.500000000000014 0 1 1.0000000180025095e-35 4.5000000000000009
decision_type=2 2 2 9 9 2 2
left_child=1 2 -1 -2 -3 -5 -6
right_child=3 4 -4 5 6 -7 -8
leaf_value=-0.0058915335679405201 -0.0058915335679405201 -0.0058915335679405201 0.068953260032715499 -0.021380310963656862 0.021878339540848765 -0.069689895824980433 0.06353169733135447
leaf_weight=466.28221093118191 69.097478657960892 34.08806186914444 8.8748901039361936 145.40629219263792 212.13777447491884 19.896252691745758 25.130156923085451
leaf_count=2122 316 192 44 634 1171 128 193
internal_value=-0.000393657 0.00463923 -0.00493302 -0.0164223 0.0214007 -0.027195 0.02629
internal_weight=980.913 746.513 475.157 234.4 271.356 165.303 237.268
internal_count=4800 3722 2166 1078 1556 762 1364
cat_boundaries=0 1 2
cat_threshold=4 2
is_linear=0
shrinkage=0.1


Tree=29
num_leaves=8
num_cat=2
split_feature=8 7 4 5 10 5 2
split_gain=7.47549 9.32266 7.70276 7.10927 5.9587 4.45442 3.97217
threshold=0 1.0000000180025095e-35 1.0000000180025095e-35 48.500000000000007 1 12.500000000000002 1.5000000000000002
decision_type=9 2 2 2 9 2 2
left_child=4 2 6 5 -1 -3 -2
right_child=1 3 -4 -5 -6 -7 -8
leaf_value=0.0071532812438616566 -0.0007186205573490018 0.076384414020839439 -0.041987170872980206 0.12417668291178213 0.047857373046197541 0.015552456602608157 -0.020222549602624262
leaf_weight=261.59673315659165 431.9559987410903 12.169816225767134 64.138421826064587 8.0857587009668332 41.697214484214783 20.449303224682808 137.70962803065777
leaf_count=1295 2030 84 345 81 216 164 585
internal_value=-0.000290026 -0.00615319 -0.00913254 0.0402375 0.0127493 0.0194303 -0.00543345
internal_weight=977.803 674.509 633.804 40.7049 303.294 32.6191 569.666
internal_count=4800 3289 2960 329 1511 248 2615
cat_boundaries=0 1 2
cat_threshold=4 2
is_linear=0
shrinkage=0.1


Tree=30
num_leaves=8
num_cat=3
split_feature=0 9 2 1 5 1 8
split_gain=6.39643 7.69714 6.47561 7.4369 7.04027 6.22491 6.16631
threshold=0 1 2.5000000000000004 1.5000000000000002 33.500000000000007 2.5000000000000004 2
decision_type=1 9 2 2 2 2 9
left_child=5 6 3 -3 -4 -1 -2
right_child=1 2 4 -5 -6 -7 -8
leaf_value=0.0042542557957000226 -0.081199091785143174 -0.012904910542989227 -0.057094686407872713 0.01226665376949229 -0.012904910542989227 0.040389618062192378 -0.018370502403956365
leaf_weight=382.44391994923353 22.673982165753841 120.76017697900534 46.138322792947292 260.96394176408648 36.488684020936489 54.461269587278366 50.219162084162235
leaf_count=1844 106 540 224 1252 170 434 230
internal_value=-0.000320128 -0.0075625 -0.00296086 0.00253332 -0.0283431 0.00856263 -0.0379138
internal_weight=974.149 537.244 464.351 381.724 82.627 436.905 72.8931
internal_count=4800 2522 2186 1792 394 2278 336
cat_boundaries=0 1 2 3
cat_threshold=3 2 2
is_linear=0
shrinkage=0.1


Tree=31
num_leaves=8
num_cat=2
split_feature=8 7 5 4 10 5 6
split_gain=6.04374 7.06829 6.83664 6.05471 4.9527 3.90556 3.32734
threshold=0 1.0000000180025095e-35 48.500000000000007 1.0000000180025095e-35 1 12.500000000000002 38.500000000000007
decision_type=9 2 2 2 9 2 8
left_child=4 3 5 6 -1 -3 -2
right_child=1 2 -4 -5 -6 -7 -8
leaf_value=0.006389880188699998 -0.0083669059628068178 0.071894160913451688 0.12238116401471172 -0.037685251810835978 0.043762247326911446 0.013779986351821242 0.011928398664119695
leaf_weight=260.31648527085781 470.37297204881907 11.592554137110712 7.3796693012118331 62.453510344028473 41.052326839417219 20.115206096321344 97.529931545257568
leaf_count=1295 2148 84 81 345 216 164 467
internal_value=-0.000278884 -0.0055728 0.0356915 -0.00813154 0.0114807 0.0155153 -0.00488145
internal_weight=970.813 669.444 39.0874 630.356 301.369 31.7078 567.903
internal_count=4800 3289 329 2960 1511 248 2615
cat_boundaries=0 1 2
cat_threshold=4 2
is_linear=0
shrinkage=0.1


Tree=32
num_leaves=8
num_cat=1
split_feature=2 1 9 5 6 2 4
split_gain=5.2845 6.39267 6.2789 5.13643 6.03417 4.63042 3.90009
threshold=1.0000000180025095e-35 2.5000000000000004 0 54.500000000000007 14.500000000000002 3.5000000000000004 1.0000000180025095e-35
decision_type=2 2 9 2 8 2 2
left_child=1 3 -2 -1 -5 6 -4
right_child=2 -3 5 4 -6 -7 -8
leaf_value=-0.00016889162163396534 -0.035982217489641914 0.038715846122792323 -0.00016889162163396534 -0.00016889162163396534 0.063249591630555962 -0.04340905300124262 -0.021897471006525386
leaf_weight=373.63982383161783 67.141294151544571 56.74430338665843 356.89116317778826 15.557968154549597 28.782438263297081 26.687264308333397 42.535621598362923
leaf_count=1793 309 452 1639 75 158 141 233
internal_value=-0.000310366 0.00722117 -0.00755896 0.00294551 0.0351842 -0.0030804 -0.000385889
internal_weight=967.98 474.725 493.255 417.98 44.3404 426.114 399.427
internal_count=4800 2478 2322 2026 233 2013 1872
cat_boundaries=0 1
cat_threshold=2
is_linear=0
shrinkage=0.1


Tree=33
num_leaves=8
num_cat=1
split_feature=10 5 3 5 5 6 6
split_gain=5.0511 4.91739 5.08144 4.78633 3.52092 8.69735 4.44027
threshold=0 136.50000000000003 1.0000000180025095e-35 58.500000000000007 39.500000000000007 8.5000000000000018 84.500000000000014
decision_type=9 2 2 2 2 8 8
left_child=3 2 4 -1 -2 -6 -7
right_child=1 -3 -4 -5 5 6 -8
leaf_value=0.010855494154392244 -0.004275778678357281 0.075830354773882488 -0.021124533723884592 0.069142105341670868 -0.010712539448773945 0.01729608277373049 0.063780411272012283
leaf_weight=115.6054776571691 523.52098082751036 7.8152772970497599 141.3939208984375 16.043696980923414 42.103572089225054 92.246574740856886 26.438926994800568
leaf_count=591 2504 42 719 93 203 501 147
internal_value=-0.000244167 -0.0031192 -0.00386645 0.0179587 -0.000300545 0.0126426 0.0276511
internal_weight=965.168 833.519 825.704 131.649 684.31 160.789 118.686
internal_count=4800 4116 4074 684 3355 851 648
cat_boundaries=0 1
cat_threshold=1
is_linear=0
shrinkage=0.1


Tree=34
num_leaves=8
num_cat=2
split_feature=8 7 5 4 10 5 1
split_gain=5.03166 5.33914 6.35341 4.28101 3.6338 3.48359 3.31366
threshold=0 1.0000000180025095e-35 48.500000000000007 1.0000000180025095e-35 1 12.500000000000002 1.5000000000000002
decision_type=9 2 2 2 9 2 2
left_child=4 3 5 -2 -1 -3 -6
right_child=1 2 -4 -5 6 -7 -8
leaf_value=0.0061194731714535816 -0.0046449348954440469 0.068129349409942253 0.12081228479526672 -0.032649784291550084 0.00792040218962505 0.012079164242082222 0.065372481829683221
leaf_weight=258.75433548912406 565.91219862550497 11.090485014021398 6.5698493942618361 60.412966586649418 18.923666141927242 19.830164708197117 21.382876552641392
leaf_count=1295 2615 84 81 345 96 164 120
internal_value=-0.000299936 -0.005152 0.0315045 -0.00734618 0.01047 0.0125289 0.0383991
internal_weight=962.877 663.816 37.4905 626.325 299.061 30.9206 40.3065
internal_count=4800 3289 329 2960 1511 248 216
cat_boundaries=0 1 2
cat_threshold=4 2
is_linear=0
shrinkage=0.1


Tree=35
num_leaves=8
num_cat=1
split_feature=2 9 1 2 5 1 5
split_gain=4.25888 5.19951 5.08626 4.3029 5.62521 5.33098 3.60504
threshold=1.0000000180025095e-35 0 2.5000000000000004 2.5000000000000004 33.500000000000007 4.5000000000000009 55.500000000000007
decision_type=2 9 2 2 2 2 2
left_child=2 -2 6 -3 5 -5 -1
right_child=1 3 -4 4 -6 -7 -8
leaf_value=-0.00019626086813487391 -0.032774570999353339 -0.00019626086813487391 0.035076167722358019 -0.078625115881155144 -0.012104070362256348 -0.012104070362256348 0.030548218809834018
leaf_weight=374.0200803950429 66.839925713837147 342.2344434261322 54.884096302092075 27.347659558057785 35.95448836684227 17.467346705496311 41.797126233577728
leaf_count=1800 309 1619 452 137 170 87 226
internal_value=-0.000328987 -0.00685627 0.00646375 -0.00276085 -0.0240119 -0.0509726 0.00268717
internal_weight=960.545 489.844 470.701 423.004 80.7695 44.815 415.817
internal_count=4800 2322 2478 2013 394 224 2026
cat_boundaries=0 1
cat_threshold=2
is_linear=0
shrinkage=0.1


Tree=36
num_leaves=8
num_cat=1
split_feature=1 2 5 2 10 5 1
split_gain=4.23264 5.67943 4.98085 3.62703 3.2784 3.56107 7.0371
threshold=4.5000000000000009 2.5000000000000004 33.500000000000007 3.5000000000000004 0 1.0000000180025095e-35 1.0000000180025095e-35
decision_type=2 2 2 2 9 2 2
left_child=1 4 -3 -2 5 6 -1
right_child=3 2 -4 -5 -6 -7 -8
leaf_value=0.091326690526817786 0.030281973344539054 -0.063463322596514812 -0.017669377323087061 -0.018693122078613997 0.01341361636764902 -0.0047001556684318647 -0.012796171254824545
leaf_weight=11.545678809285164 73.471384897828102 30.936362355947495 18.99390371888876 19.040599353611469 143.66824447363615 645.65361142158508 14.825697004795074
leaf_count=51 437 159 93 101 741 3153 65
internal_value=-0.000128921 -0.00230176 -0.035041 0.020202 -0.000297716 -0.00322898 0.03279
internal_weight=958.135 865.623 49.9303 92.512 815.693 672.025 26.3714
internal_count=4800 4262 252 538 4010 3269 116
cat_boundaries=0 1
cat_threshold=2
is_linear=0
shrinkage=0.1


Tree=37
num_leaves=8
num_cat=2
split_feature=8 6 2 1 5 9 6
split_gain=4.16326 4.67454 3.94225 4.75494 2.82992 2.81113 3.21481
threshold=0 38.500000000000007 1.5000000000000002 1.5000000000000002 100.50000000000001 1 1.5000000000000002
decision_type=9 10 2 2 2 9 8
left_child=4 2 3 -2 -1 6 -4
right_child=1 -3 5 -5 -6 -7 -8
leaf_value=0.0080735577227893061 -0.0089189598844554505 0.042972374148933505 -0.048850398624908392 0.011742545088545846 0.066008127544184364 -0.047218976601581926 -0.010785589379283887
leaf_weight=288.56492892280221 313.57358425483108 20.118831876665354 22.695221342146397 172.74332838505507 8.6851287335157377 30.381996273994446 99.7704723700881
leaf_count=1465 1432 119 113 1005 46 146 474
internal_value=-5.89053e-05 -0.00448878 -0.00598271 -0.00157984 0.0097663 -0.0199913 -0.0132365
internal_weight=956.533 659.283 639.165 486.317 297.25 152.848 122.466
internal_count=4800 3289 3170 2437 1511 733 587
cat_boundaries=0 1 2
cat_threshold=4 1
is_linear=0
shrinkage=0.1


Tree=38
num_leaves=8
num_cat=1
split_feature=1 2 5 2 10 5 1
split_gain=3.51436 4.02623 4.25513 2.88251 2.76577 2.97604 5.81125
threshold=4.5000000000000009 2.5000000000000004 33.500000000000007 3.5000000000000004 0 1.0000000180025095e-35 1.0000000180025095e-35
decision_type=2 2 2 2 9 2 2
left_child=1 4 -3 -2 5 6 -1
right_child=3 2 -4 -5 -6 -7 -8
leaf_value=0.083879072832787741 0.027689272663802934 -0.057162218550533272 -0.015066220630205221 -0.016213897851726996 0.01233211920188824 -0.0043263680606901792 -0.011140847616681474
leaf_weight=11.361205190420151 72.614823579788208 30.033321149647236 18.867204271256924 18.833431281149387 143.00857055559754 645.14730886742473 14.84813018143177
leaf_count=51 437 159 93 101 741 3153 65
internal_value=6.50255e-06 -0.0019682 -0.0298377 0.0186476 -0.000294707 -0.0029844 0.0300483
internal_weight=954.714 863.266 48.9005 91.4483 814.365 671.357 26.2093
internal_count=4800 4262 252 538 4010 3269 116
cat_boundaries=0 1
cat_threshold=2
is_linear=0
shrinkage=0.1


Tree=39
num_leaves=8
num_cat=1
split_feature=8 6 7 5 6 4 5
split_gain=3.36771 3.7912 2.93101 3.86897 3.57741 2.58135 2.93662
threshold=0 38.500000000000007 1.0000000180025095e-35 87.500000000000014 21.500000000000004 1.0000000180025095e-35 6.5000000000000009
decision_type=9 10 2 2 8 2 2
left_child=-1 2 3 5 -5 6 -2
right_child=1 -3 -4 4 -6 -7 -8
leaf_value=0.008914797111850576 -0.014823561945905617 0.039167096460786727 0.016949786762852258 -0.094497941009292263 -0.0042464379003173923 -0.026235492857548899 0.00085646275443314952
leaf_weight=296.22015280649066 129.91077116131783 19.798033468425274 34.644499476999044 9.5568257868289965 8.1267380863428098 54.661616936326027 400.27960590273142
leaf_count=1511 565 119 308 48 45 323 1881
internal_value=6.27503e-05 -0.00392849 -0.00526752 -0.00693818 -0.0530216 -0.0055448 -0.00341163
internal_weight=953.198 656.978 637.18 602.536 17.6836 584.852 530.19
internal_count=4800 3289 3170 2862 93 2769 2446
cat_boundaries=0 1
cat_threshold=4
is_linear=0
shrinkage=0.1


Tree=40
num_leaves=8
num_cat=1
split_feature=10 5 5 3 5 5 6
split_gain=2.90027 3.54888 3.41969 3.22699 3.48757 2.7557 10.0496
threshold=0 58.500000000000007 134.00000000000003 1.0000000180025095e-35 82.500000000000014 25.500000000000004 18.500000000000004
decision_type=9 2 2 2 2 2 8
left_child=1 5 3 -2 -5 -1 -7
right_child=2 -3 -4 4 -6 6 -8
leaf_value=0.018639649360167519 6.4989844597720901e-05 0.059073463725730024 0.06245120640923512 -0.012865045353012814 -0.082168207718765346 -0.054394609704830135 0.054858204944691027
leaf_weight=76.818798325955868 677.57917873561382 15.3931453153491 8.1198356710374338 129.59021179378033 7.6923628672957411 23.206844806671143 13.213284134864805
leaf_count=396 3352 93 45 680 39 118 77
internal_value=5.84369e-05 0.0140224 -0.00212413 -0.00276761 -0.0167483 0.00789839 -0.0147575
internal_weight=951.614 128.632 822.982 814.862 137.283 113.239 36.4201
internal_count=4800 684 4116 4071 719 591 195
cat_boundaries=0 1
cat_threshold=1
is_linear=0
shrinkage=0.1


Tree=41
num_leaves=8
num_cat=2
split_feature=2 9 1 1 5 8 5
split_gain=2.77004 4.10128 3.67262 3.38929 5.02237 4.89659 3.25351
threshold=1.0000000180025095e-35 0 2.5000000000000004 2.5000000000000004 11.500000000000002 1 1.5000000000000002
decision_type=2 9 2 2 2 9 2
left_child=2 3 -1 4 -2 -5 -3
right_child=1 6 -4 5 -6 -7 -8
leaf_value=0.0023842312364778916 -0.0070948275877640498 -0.048121121803340841 0.030411182121776122 -0.067099898710072728 -0.09422553429745098 0.00014980564830336109 9.0124287470218413e-05
leaf_weight=413.84998073801398 11.838104061782362 14.501606956124304 52.709467642009258 11.665209338068962 14.995654515922068 27.599698550999165 402.81417654082179
leaf_count=2026 51 62 452 60 68 130 1951
internal_value=5.39821e-05 -0.00525096 0.00555057 -0.0283948 -0.0557866 -0.00967522 -0.0015852
internal_weight=949.974 483.414 466.559 66.0987 26.8338 39.2649 417.316
internal_count=4800 2322 2478 309 119 190 2013
cat_boundaries=0 1 2
cat_threshold=2 2
is_linear=0
shrinkage=0.1


Tree=42
num_leaves=8
num_cat=1
split_feature=1 2 5 2 8 5 5
split_gain=2.74207 3.00503 3.75141 2.44867 2.79887 2.33978 3.19951
threshold=4.5000000000000009 2.5000000000000004 33.500000000000007 1.5000000000000002 0 21.500000000000004 34.500000000000007
decision_type=2 2 2 2 9 2 2
left_child=1 -1 -3 4 -2 -5 -7
right_child=3 2 -4 5 -6 6 -8
leaf_value=-0.00021084311926461094 0.024621232738554051 -0.05250838495413928 -0.01309046832760289 0.024621232738554051 0.07019127103570405 -0.042640361908607344 0.012477350153584853
leaf_weight=810.51402591541409 7.9253725148737431 29.265085443854332 18.703137695789337 17.876044183969498 17.589590057730678 16.022767141461372 30.731793336570263
leaf_count=4010 63 159 93 87 157 81 150
internal_value=9.20415e-05 -0.00165016 -0.0259701 0.0166835 0.0429145 0.00632801 -0.00641147
internal_weight=948.628 858.482 47.9682 90.1456 25.515 64.6306 46.7546
internal_count=4800 4262 252 538 220 318 231
cat_boundaries=0 1
cat_threshold=1
is_linear=0
shrinkage=0.1


Tree=43
num_leaves=8
num_cat=2
split_feature=8 7 5 5 4 5 9
split_gain=2.64681 3.01321 5.94051 2.89978 2.64739 2.45886 2.85455
threshold=0 1.0000000180025095e-35 48.500000000000007 12.500000000000002 1.0000000180025095e-35 6.5000000000000009 1
decision_type=9 2 2 2 2 2 9
left_child=-1 4 3 -3 5 -2 -7
right_child=1 2 -4 -5 -6 6 -8
leaf_value=0.008007445810968147 -0.014232936532965978 0.062819717705537237 0.11858308305054986 0.0099887655367943296 -0.025519882867812406 0.0047067767016703297 -0.014232936532965978
leaf_weight=294.27651062235236 130.0666771531105 10.488602608442308 5.7126944921910754 19.058676041662693 57.26213001459837 347.09734025597572 83.093615680932999
leaf_count=1511 565 84 81 164 345 1654 396
internal_value=0.000133739 -0.00341577 0.0250168 0.00998877 -0.00503925 -0.00294599 0.000702593
internal_weight=947.056 652.78 35.26 29.5473 617.52 560.258 430.191
internal_count=4800 3289 329 248 2960 2615 2050
cat_boundaries=0 1 2
cat_threshold=4 1
is_linear=0
shrinkage=0.1


Tree=44
num_leaves=8
num_cat=1
split_feature=10 5 5 5 5 6 6
split_gain=2.40912 2.85995 2.75204 3.02434 5.22106 7.49889 5.14678
threshold=0 1.5000000000000002 134.00000000000003 66.500000000000014 34.500000000000007 15.500000000000002 84.500000000000014
decision_type=9 2 2 2 2 8 8
left_child=1 -1 3 4 -2 -6 -5
right_child=2 -3 -4 6 5 -7 -8
leaf_value=-0.043398674024011361 -0.0051572684363389264 0.016822249541241778 0.056628081671685516 -0.034075097238912166 -0.0059984393924882229 0.036807214377330387 0.045191179606861774
leaf_weight=8.4465581476688367 578.68974146619439 118.85568136535585 7.9390119053423396 57.761820578947663 83.156434006989002 80.586264200508595 9.5450316779315454
leaf_count=40 2834 644 45 315 414 449 59
internal_value=3.00766e-05 0.0128266 -0.00196218 -0.00253662 -0.00069651 0.0150684 -0.0228341
internal_weight=944.981 127.302 817.678 809.739 742.432 163.743 67.3069
internal_count=4800 684 4116 4071 3697 863 374
cat_boundaries=0 1
cat_threshold=1
is_linear=0
shrinkage=0.1


Tree=45
num_leaves=8
num_cat=2
split_feature=2 1 5 9 2 5 8
split_gain=2.26406 3.49719 2.60816 2.38883 2.2259 2.74157 8.15221
threshold=3.5000000000000004 4.5000000000000009 34.500000000000007 0 1.0000000180025095e-35 36.500000000000007 1
decision_type=2 2 2 9 2 2 9
left_child=1 4 -2 -3 5 -1 -7
right_child=2 3 -4 -5 -6 6 -8
leaf_value=-0.00025628578316251219 -0.060147505693696215 -0.013318857544355545 -0.013318857544355545 0.030227686228208678 -0.0064219235964291374 0.057895876995520047 -0.0012750817181197587
leaf_weight=354.64839289337397 14.556082442402841 10.54353255033493 14.321991994976996 59.69873733818531 390.29136727750301 34.451254792511463 65.833799444139004
leaf_count=1785 87 58 76 379 1825 203 387
internal_value=3.06692e-05 0.000900314 -0.027538 0.0223403 -0.000881456 0.00387176 0.0184702
internal_weight=944.345 915.467 28.8781 70.2423 845.225 454.933 100.285
internal_count=4800 4637 163 437 4200 2375 590
cat_boundaries=0 1 2
cat_threshold=2 4
is_linear=0
shrinkage=0.1


Tree=46
num_leaves=8
num_cat=1
split_feature=10 5 5 1 5 6 5
split_gain=1.97349 2.71693 2.58004 3.1101 2.64044 6.02017 8.02137
threshold=0 58.500000000000007 1.0000000180025095e-35 1.0000000180025095e-35 9.5000000000000018 84.500000000000014 28.500000000000004
decision_type=9 2 2 2 2 8 2
left_child=1 -1 3 -2 -4 -6 -7
right_child=2 -3 4 -5 5 6 -8
leaf_value=0.0063022319707259121 0.065415388801169219 0.051726420091496687 -0.012021313811476392 -0.00088350515020433988 -0.0035466906823112356 0.010890674268445359 0.056751265705236281
leaf_weight=111.82784073799849 12.404051743447782 14.924899898469446 223.9998494386673 16.471053883433342 478.00930413790047 38.485477011650801 46.568254264071584
leaf_count=591 57 93 1041 72 2483 201 262
internal_value=4.2178e-05 0.0116508 -0.00176118 0.0275969 -0.00283825 0.000814994 0.025328
internal_weight=942.691 126.753 815.938 28.8751 787.063 563.063 85.0537
internal_count=4800 684 4116 129 3987 2946 463
cat_boundaries=0 1
cat_threshold=1
is_linear=0
shrinkage=0.1


Tree=47
num_leaves=8
num_cat=2
split_feature=8 6 2 1 8 5 5
split_gain=1.93168 2.61954 2.6529 3.01708 2.18701 1.90481 2.14532
threshold=0 38.500000000000007 1.5000000000000002 1.5000000000000002 1 100.50000000000001 72.500000000000014
decision_type=9 10 2 2 9 2 2
left_child=5 2 3 -2 -5 6 -1
right_child=1 -3 -4 4 -6 -7 -8
leaf_value=0.0073470305320882893 -0.006418339740505926 0.033434212749741607 -0.015866709837132856 -0.0035613832222031678 0.014618781939923223 0.053839337235129119 -0.031834738329616287
leaf_weight=269.28856818750501 312.34298080205917 19.057669557631016 148.81551085412502 76.362875755876303 92.962190490216017 8.3264385983347875 14.738941036164759
leaf_count=1384 1432 119 733 454 551 46 81
internal_value=-5.43468e-05 -0.00309255 -0.00419665 -0.000591083 0.0101581 0.00669583 0.00531378
internal_weight=941.895 649.541 630.484 481.668 169.325 292.354 284.028
internal_count=4800 3289 3170 2437 1005 1511 1465
cat_boundaries=0 1 2
cat_threshold=4 1
is_linear=0
shrinkage=0.1


Tree=48
num_leaves=8
num_cat=1
split_feature=2 1 5 9 5 1 6
split_gain=1.84437 2.96972 3.84469 3.12918 3.12836 2.69103 2.34274
threshold=1.0000000180025095e-35 1.5000000000000002 43.500000000000007 0 60.500000000000007 4.5000000000000009 14.500000000000002
decision_type=2 2 2 9 2 2 10
left_child=5 2 -2 -3 6 -1 -5
right_child=1 3 -4 4 -6 -7 -8
leaf_value=0.0034701589127335178 -0.010127945841000501 9.6108924629097905e-05 -0.0595094181293227 -0.02591055095154296 -0.070165505614499649 0.059739672999985463 9.6108924629097905e-05
leaf_weight=453.59633602388203 86.964827254414558 306.34333359822631 19.257805120199919 46.327739778906107 11.077715560793875 8.661376001313327 8.549379996955393
leaf_count=2375 378 1531 87 227 57 103 42
internal_value=1.95562e-05 -0.00433227 -0.0190806 -0.000124323 -0.0216919 0.00452449 -0.0119068
internal_weight=940.779 478.521 106.223 372.298 65.9548 462.258 54.8771
internal_count=4800 2322 465 1857 326 2478 269
cat_boundaries=0 1
cat_threshold=1
is_linear=0
shrinkage=0.1


Tree=49
num_leaves=8
num_cat=2
split_feature=4 10 5 5 6 5 9
split_gain=1.67516 1.88573 1.69599 2.18471 1.64952 2.74368 2.2989
threshold=1.0000000180025095e-35 0 25.500000000000004 16.500000000000004 18.500000000000004 21.500000000000004 1
decision_type=2 9 2 2 10 2 9
left_child=1 -1 3 -2 5 6 -3
right_child=2 4 -4 -5 -6 -7 -8
leaf_value=-0.00056569388042700868 -0.014780731823411112 0.02483889822264973 -0.0056305952704019504 -0.064182453712607654 0.041571195673361351 -0.0056305952704019504 -0.0047402097037874289
leaf_weight=704.07433240860701 37.581477172672749 51.255651898682117 39.495391331613064 11.750803373754023 16.605086322873831 50.66041836515069 28.483054473996162
leaf_count=3493 214 271 222 76 113 273 138
internal_value=0.000221283 0.00158516 -0.0128464 -0.0265481 0.0118866 0.0081066 0.0199172
internal_weight=939.906 851.079 88.8277 49.3323 147.004 130.399 79.7387
internal_count=4800 4288 512 290 795 682 409
cat_boundaries=0 1 2
cat_threshold=2 1
is_linear=0
shrinkage=0.1


Tree=50
num_leaves=8
num_cat=1
split_feature=1 2 4 2 10 5 5
split_gain=1.68545 2.09981 1.9032 1.95156 1.85406 2.41571 2.54758
threshold=4.5000000000000009 3.5000000000000004 1.0000000180025095e-35 1.0000000180025095e-35 0 61.500000000000007 21.500000000000004
decision_type=2 2 2 2 9 2 2
left_child=1 2 4 -4 5 6 -1
right_child=-2 -3 3 -5 -6 -7 -8
leaf_value=0.023028278174190488 0.013501310013157519 -0.046635235867459483 -0.0072415807209354512 -0.023593796705213364 -0.00090610645462789517 0.069554313488111294 -0.0072415807209354512
leaf_weight=54.816796876490116 87.227603852748871 10.005416229367254 38.861454620957375 38.966391541063786 667.2054138854146 7.2236005011945954 34.271401565521955
leaf_count=287 538 62 197 240 3235 54 187
internal_value=0.000262481 -0.00109394 -0.000552358 -0.0154493 0.000966137 0.0139362 0.00942649
internal_weight=938.578 851.35 841.345 77.8278 763.517 96.3118 89.0882
internal_count=4800 4262 4200 437 3763 528 474
cat_boundaries=0 1
cat_threshold=1
is_linear=0
shrinkage=0.1


Tree=51
num_leaves=8
num_cat=1
split_feature=8 6 5 6 2 1 5
split_gain=1.57465 2.13881 2.63829 2.69347 2.32669 3.07056 2.71143
threshold=0 38.500000000000007 87.500000000000014 21.500000000000004 1.5000000000000002 1.5000000000000002 67.500000000000014
decision_type=9 10 2 8 2 2 2
left_child=-1 2 4 -4 5 -2 -6
right_child=1 -3 3 -5 6 -7 -8
leaf_value=0.0063290862762536912 -0.0048964616022268183 0.030763020112644059 -0.076741065823903609 0.00068564176265619012 -0.010203772375708254 0.012139602130682034 -0.069380793739196284
leaf_weight=290.81479365006089 306.12918066605926 18.73472042568028 9.7770037837326544 8.3131817504763585 133.39989997819066 161.67248333245516 8.2197896055877191
leaf_count=1511 1401 119 55 55 657 959 43
internal_value=0.000218281 -0.00253162 -0.00352565 -0.0411603 -0.00240849 0.00099121 -0.0136385
internal_weight=937.061 646.246 627.512 18.0902 609.421 467.802 141.62
internal_count=4800 3289 3170 110 3060 2360 700
cat_boundaries=0 1
cat_threshold=4
is_linear=0
shrinkage=0.1


Tree=52
num_leaves=8
num_cat=0
split_feature=1 2 2 5 5 6 4
split_gain=1.45735 1.70382 1.63271 1.6545 3.15482 3.20338 1.5528
threshold=4.5000000000000009 3.5000000000000004 1.0000000180025095e-35 17.500000000000004 43.500000000000007 19.500000000000004 1.0000000180025095e-35
decision_type=2 2 2 2 2 8 2
left_child=1 6 -2 -4 5 -5 -1
right_child=2 -3 3 4 -6 -7 -8
leaf_value=0.00078722949387806287 0.055228591613321769 -0.042621602676682122 0.031680434618748525 -0.035767355578713293 0.026235906317418137 0.031680434618748525 -0.014098778714758148
leaf_weight=761.96644277870655 8.1202129498124105 9.7525681369006616 14.829153940081595 27.027805767953396 27.88695215433836 8.9819157943129522 77.171613469719887
leaf_count=3763 103 62 83 148 155 49 437
internal_value=0.000197529 -0.00106475 0.0125358 0.00813228 0.000986122 -0.018568 -0.000581767
internal_weight=935.737 848.891 86.846 78.7258 63.8967 36.0097 839.138
internal_count=4800 4262 538 435 352 197 4200
is_linear=0
shrinkage=0.1


Tree=53
num_leaves=8
num_cat=0
split_feature=5 5 6 5 5 5 5
split_gain=1.45464 2.6881 4.02912 2.9274 2.36259 1.52099 4.60265
threshold=137.50000000000003 87.500000000000014 8.5000000000000018 80.500000000000014 99.500000000000014 67.500000000000014 63.500000000000007
decision_type=2 2 8 2 2 2 2
left_child=1 3 -3 5 -4 6 -1
right_child=-2 2 4 -5 -6 -7 -8
leaf_value=0.00010459326827698161 0.042534468290799793 -0.097420839490973687 -0.047031016903416246 0.051272249142729633 0.01394492290548012 -0.021668598358810839 0.061434726917132011
leaf_weight=838.71076364815235 8.0433613769710046 6.6985812522470942 10.632579175755383 11.372743424028156 15.792403150349854 30.667194522917271 12.417762162163852
leaf_count=4253 48 37 65 64 94 173 66
internal_value=0.000191471 -0.00017621 -0.0281497 0.0008612 -0.0105899 0.000211036 0.000999385
internal_weight=934.335 926.292 33.1236 893.168 26.425 881.796 851.129
internal_count=4800 4752 196 4556 159 4492 4319
is_linear=0
shrinkage=0.1


Tree=54
num_leaves=8
num_cat=1
split_feature=7 5 1 2 9 2 5
split_gain=1.38852 2.94595 1.69271 2.33684 4.46394 2.00759 2.08558
threshold=1.0000000180025095e-35 34.500000000000007 3.5000000000000004 1.0000000180025095e-35 0 3.5000000000000004 34.500000000000007
decision_type=2 2 2 2 9 2 2
left_child=2 -2 3 -1 -5 -4 -7
right_child=1 -3 5 4 -6 6 -8
leaf_value=0.0018719444055651853 0.0076042563455601597 0.055915874284886438 0.0076042563455601597 -0.042297856800359634 -0.0051082425887363061 -0.050760361599992102 -0.0060385028765615363
leaf_weight=412.48267375677824 38.295240417122841 14.19762705080211 150.94490800052881 36.965854294598103 254.37940055131912 12.93979160115123 14.05488123744726
leaf_count=2027 311 181 808 165 1149 83 76
internal_value=0.000174344 0.0159748 -0.000766279 -0.0029707 -0.00982686 0.00760426 -0.0196813
internal_weight=934.26 52.4929 881.768 703.828 291.345 177.94 26.9947
internal_count=4800 492 4308 3341 1314 967 159
cat_boundaries=0 1
cat_threshold=2
is_linear=0
shrinkage=0.1


Tree=55
num_leaves=8
num_cat=1
split_feature=8 1 5 5 2 2 5
split_gain=1.2862 1.64811 5.32718 4.29641 3.34541 3.25669 3.24168
threshold=0 2.5000000000000004 46.500000000000007 59.500000000000007 1.0000000180025095e-35 3.5000000000000004 13.500000000000002
decision_type=9 2 2 2 2 2 2
left_child=1 2 6 5 -4 -3 -1
right_child=-2 3 4 -5 -6 -7 -8
leaf_value=0.0051376525260946352 -0.0022516644258801797 0.034021208829369508 0.066311018475090883 -0.027384301854615958 -0.0015337723716410854 -0.028673121804605586 -0.023550118792146711
leaf_weight=94.999634429812431 643.19590927474201 69.333910696208477 18.039340473711494 18.197082865983248 12.17218293994665 9.4100249484181386 67.288794539868832
leaf_count=453 3289 411 100 104 56 51 336
internal_value=0.000239522 0.00577544 0.000420539 0.0164089 0.0389764 0.0265291 -0.00675701
internal_weight=932.637 289.441 192.5 96.941 30.2115 78.7439 162.288
internal_count=4800 1511 945 566 156 462 789
cat_boundaries=0 1
cat_threshold=4
is_linear=0
shrinkage=0.1


Tree=56
num_leaves=8
num_cat=1
split_feature=10 5 1 5 6 5 5
split_gain=1.23387 2.46252 3.77472 3.15217 5.19544 6.51971 6.51584
threshold=0 1.0000000180025095e-35 1.0000000180025095e-35 7.5000000000000009 84.500000000000014 13.500000000000002 80.500000000000014
decision_type=9 2 2 2 8 2 2
left_child=1 2 -1 -3 5 -5 -6
right_child=-2 3 -4 4 6 -7 -8
leaf_value=0.07337966690131123 0.0080622335277369828 -0.01441171004733437 -0.0040542701121298597 0.010381364637384446 0.01494914313260738 -0.0094171041860935042 0.11020203844646784
leaf_weight=10.96812853962183 165.05333463102579 171.47992189228535 14.776834055781364 97.56554888933897 77.89296431094408 386.33988090790808 7.910836746916174
leaf_count=51 900 789 65 487 418 2037 53
internal_value=0.000218987 -0.00146897 0.0289349 -0.00252504 0.00105279 -0.00296843 0.0237312
internal_weight=931.987 766.934 25.745 741.189 569.709 483.905 85.8038
internal_count=4800 3900 116 3784 2995 2524 471
cat_boundaries=0 1
cat_threshold=2
is_linear=0
shrinkage=0.1


Tree=57
num_leaves=8
num_cat=2
split_feature=1 9 2 5 6 8 5
split_gain=1.14734 1.49961 1.432 2.93827 1.42455 2.58384 5.2017
threshold=4.5000000000000009 0 2.5000000000000004 31.500000000000004 1.5000000000000002 1 17.500000000000004
decision_type=2 9 2 2 8 9 2
left_child=2 -2 -1 -4 -3 -6 -7
right_child=1 4 3 -5 5 6 -8
leaf_value=0.00019513552300652332 -0.019973166575400575 -0.023678107442075758 -0.044798224855074974 -0.0089083888588016771 -0.0009483447159241862 0.10608624407538332 0.019086134790383555
leaf_weight=800.40835895203054 12.959717940539122 7.7122824713587752 25.74910219758749 19.913208737969398 18.672927342355251 8.3973035812377912 37.843512887135148
leaf_count=4010 72 53 149 103 115 52 246
internal_value=0.000328637 0.0113623 -0.000787496 -0.0180119 0.016954 0.0217814 0.0348853
internal_weight=931.656 85.5857 846.071 45.6623 72.626 64.9137 46.2408
internal_count=4800 538 4262 252 466 413 298
cat_boundaries=0 1 2
cat_threshold=2 1
is_linear=0
shrinkage=0.1


Tree=58
num_leaves=8
num_cat=1
split_feature=1 5 6 8 5 3 2
split_gain=1.11115 4.36977 4.90266 2.26114 3.80547 3.88966 2.46481
threshold=1.5000000000000002 5.5000000000000009 1.0000000180025095e-35 0 6.5000000000000009 1.0000000180025095e-35 1.0000000180025095e-35
decision_type=2 2 10 9 2 2 2
left_child=3 2 -2 4 -1 6 -6
right_child=1 -3 -4 -5 5 -7 -8
leaf_value=-0.033692983228708541 -0.0019977502155386659 0.0016260143934623613 0.09255765776953051 0.0014354536456884052 0.020246199620417883 -0.047776255886622848 -0.018964893913187786
leaf_weight=56.863727405667305 10.515981972217562 444.71637835539877 11.45850747078657 324.8801896199584 52.837859276682138 14.145115897059439 15.335835240781305
leaf_count=253 53 2524 57 1528 251 69 65
internal_value=0.000331549 0.00377697 0.0473078 -0.00313339 -0.013798 -5.50369e-05 0.00984647
internal_weight=930.754 466.691 21.9745 464.063 139.183 82.3188 68.1737
internal_count=4800 2634 110 2166 638 385 316
cat_boundaries=0 1
cat_threshold=2
is_linear=0
shrinkage=0.1


Tree=59
num_leaves=8
num_cat=1
split_feature=2 1 5 9 5 6 5
split_gain=1.04196 1.83864 3.31516 2.06587 2.74278 1.82244 1.69765
threshold=1.0000000180025095e-35 1.5000000000000002 43.500000000000007 0 60.500000000000007 14.500000000000002 10.500000000000002
decision_type=2 2 2 9 2 10 2
left_child=6 2 -2 -3 5 -5 -1
right_child=1 3 -4 4 -6 -7 -8
leaf_value=0.00034262740232849297 -0.0063021861714344252 0.00034262740232849297 -0.052328832235592218 -0.021735179128107074 -0.063279998399844425 0.00034262740232849297 0.0095897615803192844
leaf_weight=198.96311338990927 86.382035493850708 302.08461171574891 19.11112567409873 45.617021847516298 10.888709887862204 8.4568308554589731 258.48706331476569
leaf_count=958 378 1531 87 227 57 42 1520
internal_value=0.000288307 -0.00300505 -0.0146404 0.000339056 -0.0174902 -0.00826959 0.00369031
internal_weight=929.991 472.54 105.493 367.047 64.9626 54.0739 457.45
internal_count=4800 2322 465 1857 326 269 2478
cat_boundaries=0 1
cat_threshold=1
is_linear=0
shrinkage=0.1


Tree=60
num_leaves=8
num_cat=0
split_feature=5 5 6 5 5 5 5
split_gain=1.05064 2.3132 3.1599 2.40863 1.91106 1.17365 3.81949
threshold=137.50000000000003 87.500000000000014 8.5000000000000018 80.500000000000014 99.500000000000014 67.500000000000014 63.500000000000007
decision_type=2 2 8 2 2 2 2
left_child=1 3 -3 5 -4 6 -1
right_child=-2 2 4 -5 -6 -7 -8
leaf_value=0.00029975567320467204 0.03673645437907419 -0.08704698952600376 -0.042991429305775139 0.047219324518500874 0.012101453005649295 -0.018844050717943827 0.056692033433229316
leaf_weight=834.42497098259628 7.8685653135180464 6.7426772080361834 10.597021725028755 11.1354958191514 15.513973943889139 30.535296754911542 12.18605065345764
leaf_count=4253 48 37 65 64 94 173 66
internal_value=0.00035056 3.97426e-05 -0.0260175 0.00100349 -0.0102577 0.000416768 0.00111146
internal_weight=929.004 921.135 32.8537 888.282 26.111 877.146 846.611
internal_count=4800 4752 196 4556 159 4492 4319
is_linear=0
shrinkage=0.1


Tree=61
num_leaves=8
num_cat=2
split_feature=7 5 1 2 9 8 5
split_gain=0.995841 2.5688 1.39533 1.42005 3.3112 1.80886 1.73036
threshold=1.0000000180025095e-35 34.500000000000007 3.5000000000000004 1.0000000180025095e-35 0 1 1.5000000000000002
decision_type=2 2 2 2 9 9 2
left_child=2 -2 3 -1 5 -5 -6
right_child=1 -3 -4 4 6 -7 -8
leaf_value=0.0012993801989844944 0.0066707665585270214 0.052286435131644854 0.0066707665585270214 -0.0051818337947424822 -0.038182181383452501 -0.051987996079519261 -0.003268696136258591
leaf_weight=410.76350791752338 37.984198849648237 13.612163344398139 176.1053066663444 12.565570540726185 14.249730736017225 24.07702723890543 239.51756349205971
leaf_count=2027 311 181 967 56 61 109 1088
internal_value=0.000317149 0.0138185 -0.000476918 -0.0024846 -0.00783677 -0.0359371 -0.00377924
internal_weight=928.875 51.5964 877.279 701.173 290.41 36.6426 253.767
internal_count=4800 492 4308 3341 1314 165 1149
cat_boundaries=0 1 2
cat_threshold=2 4
is_linear=0
shrinkage=0.1


Tree=62
num_leaves=8
num_cat=1
split_feature=10 5 1 5 6 5 5
split_gain=0.992178 2.31476 2.95898 2.29459 4.15751 5.99009 5.73075
threshold=0 1.0000000180025095e-35 1.0000000180025095e-35 7.5000000000000009 84.500000000000014 28.500000000000004 13.500000000000002
decision_type=9 2 2 2 8 2 2
left_child=1 2 -1 -3 6 -6 -5
right_child=-2 3 -4 4 5 -7 -8
leaf_value=0.068220619507213906 0.0073702628815946296 -0.012357220598184062 -0.0006992720065661823 0.0092594733614163437 0.0092594733614163437 0.050045859982501356 -0.0088929755736875862
leaf_weight=10.781568862497807 164.08356253243983 171.55096250027418 14.754581287503242 97.055527966469526 41.396301191300154 43.355304080992937 384.79617316275835
leaf_count=51 900 789 65 487 217 254 2037
internal_value=0.000315217 -0.0012006 0.0283993 -0.0022246 0.000843264 0.0212682 -0.00274922
internal_weight=927.774 763.69 25.5362 738.154 566.603 84.7516 481.852
internal_count=4800 3900 116 3784 2995 471 2524
cat_boundaries=0 1
cat_threshold=2
is_linear=0
shrinkage=0.1


Tree=63
num_leaves=8
num_cat=1
split_feature=2 5 1 8 5 5 5
split_gain=0.926725 1.75089 1.49054 2.31484 2.99021 2.35127 2.0306
threshold=3.5000000000000004 34.500000000000007 3.5000000000000004 0 59.500000000000007 44.500000000000007 67.500000000000014
decision_type=2 2 2 9 2 2 2
left_child=2 -2 -1 4 -4 -5 -7
right_child=1 -3 3 5 -6 6 -8
leaf_value=-0.0010501488796693908 -0.047245340571573174 -0.0084837285205684246 0.040443528839039594 -0.0075500178552331196 -0.0084837285205684246 0.047017505830707663 -0.0019713840453385637
leaf_weight=734.05977554246783 13.242037992924454 13.951341748237608 39.489853983744979 81.647324278950691 10.907215986400841 17.8294777572155 16.102904744446278
leaf_count=3638 87 76 247 474 60 112 106
internal_value=0.000335413 -0.0178524 0.000884933 0.00944315 0.0273276 0.00164487 0.0237694
internal_weight=927.23 27.1934 900.037 165.977 50.3971 115.58 33.9324
internal_count=4800 163 4637 999 307 692 218
cat_boundaries=0 1
cat_threshold=4
is_linear=0
shrinkage=0.1


Tree=64
num_leaves=8
num_cat=1
split_feature=10 5 5 5 5 6 5
split_gain=0.815785 2.17272 2.63172 2.12153 3.16357 3.55257 4.05911
threshold=0 56.500000000000007 89.500000000000014 1.0000000180025095e-35 11.500000000000002 18.500000000000004 24.500000000000004
decision_type=9 2 2 2 2 8 2
left_child=-1 3 -3 -2 -5 6 -6
right_child=1 2 -4 4 5 -7 -8
leaf_value=-0.0010575339638006075 -0.050230577755366483 0.062687460796050198 -0.014210322358658368 0.024337998482634668 0.0051735413345797929 0.029104368090442218 -0.044639205799255552
leaf_weight=762.68486937414855 7.2704050317406645 13.55729782767594 6.6255322378128758 52.89905909076333 31.908712189644575 20.599479421973228 30.841417379677296
leaf_count=3900 34 84 43 270 177 127 165
internal_value=0.000317286 0.00672255 0.0374438 0.00240228 0.00521084 -0.00692849 -0.0187573
internal_weight=926.387 163.702 20.1828 143.519 136.249 83.3496 62.7501
internal_count=4800 900 127 773 739 469 342
cat_boundaries=0 1
cat_threshold=2
is_linear=0
shrinkage=0.1


Tree=65
num_leaves=8
num_cat=2
split_feature=2 1 5 8 5 5 9
split_gain=0.816327 2.74174 2.77348 2.47123 3.34918 3.51538 3.37256
threshold=1.5000000000000002 1.5000000000000002 5.5000000000000009 0 17.500000000000004 7.5000000000000009 1
decision_type=2 2 2 9 2 2 9
left_child=1 -1 -3 -4 5 -5 -7
right_child=-2 2 3 4 -6 6 -8
leaf_value=-0.0015748536249576223 -0.0050817712168781592 0.049323284183308565 -0.0015748536249576223 -0.0015748536249576223 0.0047712863875223914 0.063595538328812803 -0.0015748536249576223
leaf_weight=462.30731200426817 216.60506887733936 17.140879951417446 73.819652229547501 10.943576522171496 103.32311149220914 33.52674376219511 8.3844486661255342
leaf_count=2166 1078 88 456 59 699 205 49
internal_value=0.000291514 0.00193206 0.0105183 0.00762629 0.015245 0.0357197 0.049345
internal_weight=926.051 709.446 247.138 229.998 156.178 52.8548 41.9112
internal_count=4800 3722 1556 1468 1012 313 254
cat_boundaries=0 1 2
cat_threshold=1 1
is_linear=0
shrinkage=0.1


Tree=66
num_leaves=8
num_cat=0
split_feature=5 5 6 5 5 5 5
split_gain=0.829868 1.81466 2.44251 1.97038 1.5206 1.03926 2.95739
threshold=137.50000000000003 87.500000000000014 8.5000000000000018 80.500000000000014 99.500000000000014 67.500000000000014 57.500000000000007
decision_type=2 2 8 2 2 2 2
left_child=1 3 -3 5 -4 6 -1
right_child=-2 2 4 -5 -6 -7 -8
leaf_value=-0.00040825469241362257 0.032678055640372974 -0.076490375098022839 -0.038329962495290075 0.042796821683645368 0.010840419894739974 -0.017967068741742944 0.028923169225587242
leaf_weight=806.91923892125487 7.7694808542728415 6.8205770999193183 10.638777842745187 10.988378439098595 15.383982786908744 30.439030485227704 35.904538121074438
leaf_count=4121 48 37 65 64 94 173 198
internal_value=0.00013362 -0.000142092 -0.0232231 0.000715195 -0.0092617 0.000185676 0.000841273
internal_weight=924.864 917.095 32.8433 884.251 26.0228 873.263 842.824
internal_count=4800 4752 196 4556 159 4492 4319
is_linear=0
shrinkage=0.1


Tree=67
num_leaves=8
num_cat=0
split_feature=1 2 5 5 6 5 6
split_gain=0.812083 1.2102 1.2131 2.46298 2.71185 2.50801 1.58167
threshold=4.5000000000000009 1.0000000180025095e-35 45.500000000000007 18.500000000000004 16.500000000000004 31.500000000000004 3.5000000000000004
decision_type=2 2 2 2 8 2 10
left_child=-1 -2 3 6 5 -5 -3
right_child=1 2 -4 4 -6 -7 -8
leaf_value=-0.00081709735900071427 0.048079757526902828 -0.014521283931942505 0.023595977800700798 -0.014310697005497414 0.020887159608411685 -0.083699511798378576 0.026919502929599461
leaf_weight=840.36988630332053 7.4079085486009708 9.2485007457435149 25.491170678287745 15.27987512201071 11.822077509015797 7.9031542278826228 7.1600496172904959
leaf_count=4262 103 52 146 88 64 43 42
internal_value=0.000121577 0.00947762 0.00575925 -0.0030843 -0.0180895 -0.0379655 0.0269195
internal_weight=924.683 84.3127 76.9048 51.4137 35.0051 23.183 16.4086
internal_count=4800 538 435 289 195 131 94
is_linear=0
shrinkage=0.1


Tree=68
num_leaves=8
num_cat=1
split_feature=3 1 5 5 8 5 6
split_gain=0.801622 1.08193 1.41985 2.67647 1.58838 0.942053 4.96487
threshold=1.0000000180025095e-35 1.5000000000000002 32.500000000000007 4.5000000000000009 0 39.500000000000007 84.500000000000014
decision_type=2 2 2 2 9 2 8
left_child=5 2 3 -2 -4 -1 -7
right_child=1 -3 4 -5 -6 6 -8
leaf_value=-0.00040154536882661384 -0.0023891791420437118 -0.0023891791420437118 -0.0023891791420437118 -0.041583402074751169 -0.036755952755263201 0.0006416947946258348 0.046938573979739495
leaf_weight=590.61004018783569 21.138323858380318 79.816498514264822 8.6938234865665436 35.286128014326096 15.076698198914528 146.23675301857293 27.523068481124938
leaf_count=2933 105 469 39 173 73 824 184
internal_value=0.000155286 -0.006281 -0.0152396 -0.0244423 -0.00238918 0.00150264 0.00797499
internal_weight=924.381 160.011 80.195 56.4245 23.7705 764.37 173.76
internal_count=4800 859 390 278 112 3941 1008
cat_boundaries=0 1
cat_threshold=4
is_linear=0
shrinkage=0.1


Tree=69
num_leaves=8
num_cat=2
split_feature=8 5 5 5 2 1 10
split_gain=0.761068 1.43138 1.4076 2.13027 4.9156 2.9912 3.15642
threshold=0 100.50000000000001 72.500000000000014 46.500000000000007 1.0000000180025095e-35 2.5000000000000004 1
decision_type=9 2 2 2 2 2 9
left_child=1 2 3 5 -5 -1 -7
right_child=-2 -3 -4 4 -6 6 -8
leaf_value=-0.0057688481155607754 -0.0016437918803687834 0.046514428853759608 -0.026888127339919816 0.078024062905577396 -0.0012970296909264303 0.01026395820190679 0.071012314010036756
leaf_weight=161.85566288605332 637.3775038542226 7.9098110552877179 14.564823985099791 12.569533932954071 20.64415593072772 58.058224823325872 10.030913321301339
leaf_count=789 3289 46 81 82 103 348 62
internal_value=0.000278478 0.00456794 0.00337326 0.00504812 0.0287216 0.00162867 0.0192134
internal_weight=923.011 285.633 277.723 263.158 33.2137 229.945 68.0891
internal_count=4800 1511 1465 1384 185 1199 410
cat_boundaries=0 1 2
cat_threshold=4 2
is_linear=0
shrinkage=0.1


Tree=70
num_leaves=8
num_cat=2
split_feature=2 1 5 8 5 5 9
split_gain=0.752761 1.90121 2.42277 2.01777 2.80799 3.00987 2.88921
threshold=1.5000000000000002 1.5000000000000002 5.5000000000000009 0 17.500000000000004 7.5000000000000009 1
decision_type=2 2 2 9 2 2 9
left_child=1 -1 -3 -4 5 -5 -7
right_child=-2 2 3 4 -6 6 -8
leaf_value=-0.0015398502615886272 -0.004912563676138515 0.045467929052236858 -0.0015398502615886272 -0.0015398502615886272 0.003705831432263574 0.058638996122402101 -0.0015398502615886272
leaf_weight=461.46194713562727 216.0118469633162 16.926384389400482 73.727032031863928 10.945703268051146 102.53257850836962 32.666716102510691 8.3800297081470472
leaf_count=2166 1078 88 456 59 699 205 49
internal_value=0.00025362 0.00183286 0.00896392 0.0062569 0.0133051 0.0322355 0.0451319
internal_weight=922.652 706.64 245.178 228.252 154.525 51.9924 41.0467
internal_count=4800 3722 1556 1468 1012 313 254
cat_boundaries=0 1 2
cat_threshold=1 1
is_linear=0
shrinkage=0.1


Tree=71
num_leaves=8
num_cat=1
split_feature=2 4 5 5 6 5 10
split_gain=0.720654 1.52755 1.39894 2.64884 1.29923 1.03503 0.982613
threshold=1.0000000180025095e-35 1.0000000180025095e-35 63.500000000000007 72.500000000000014 50.500000000000007 60.500000000000007 0
decision_type=2 2 2 2 8 2 9
left_child=2 5 -1 -4 -5 -2 -3
right_child=1 6 3 4 -6 -7 -8
leaf_value=0.0013790488773436163 0.00017661157803249995 -0.012150684082202098 0.06995399566650394 0.00017661157803249995 0.047840118323092221 -0.010281995096445125 -0.047375608896974029
leaf_weight=418.92992227710783 364.95160732418299 36.283205978572369 8.7247048597782833 19.658024527132515 6.1323917172849169 56.766844213008881 10.130266543477772
leaf_count=2246 1715 252 57 124 51 295 60
internal_value=0.000132041 -0.00262013 0.00297336 0.0223244 0.00621162 -0.000725067 -0.0198389
internal_weight=921.577 468.132 453.445 34.5151 25.7904 421.718 46.4135
internal_count=4800 2322 2478 232 175 2010 312
cat_boundaries=0 1
cat_threshold=2
is_linear=0
shrinkage=0.1


Tree=72
num_leaves=8
num_cat=0
split_feature=1 5 6 6 5 5 5
split_gain=0.723924 1.11106 7.43807 2.19429 2.02494 3.19178 1.64108
threshold=4.5000000000000009 87.500000000000014 70.000000000000014 14.500000000000002 74.500000000000014 66.500000000000014 61.500000000000007
decision_type=2 2 8 10 2 2 2
left_child=1 4 3 -3 5 6 -1
right_child=-2 2 -4 -5 -6 -7 -8
leaf_value=-0.0005416533554273307 0.0090046629869866869 -0.083737810535388327 0.072166793363041271 -0.022482690880530197 0.031851058886260282 -0.045418773322346631 0.033267370761820278
leaf_weight=754.28269007615745 83.5375248901546 8.9118683598935622 7.0710184443742028 17.010362973436713 19.453039538115263 15.718282736837862 14.635616442188619
leaf_count=3783 538 48 52 96 109 90 84
internal_value=0.000128005 -0.000757849 -0.0187434 -0.0435417 -1.9869e-05 -0.000810026 0.000101869
internal_weight=920.62 837.083 32.9932 25.9222 804.09 784.637 768.918
internal_count=4800 4262 196 144 4066 3957 3867
is_linear=0
shrinkage=0.1


Tree=73
num_leaves=8
num_cat=1
split_feature=10 5 1 5 5 5 6
split_gain=0.715218 2.04863 2.45094 1.93186 1.8334 4.50392 5.44088
threshold=0 1.0000000180025095e-35 1.0000000180025095e-35 1.0000000180025095e-35 9.5000000000000018 12.500000000000002 84.500000000000014
decision_type=9 2 2 2 2 2 8
left_child=1 2 -1 -2 -3 -6 -7
right_child=3 4 -4 -5 5 6 -8
leaf_value=0.063435776522787493 -0.043861906370861348 -0.0099755725603410741 0.00041444189203786912 0.0085278807078288856 0.029044011606318337 -0.00660799444249318 0.023338165476380873
leaf_weight=10.606658816337585 7.3738680630922309 212.11408367007971 14.75642916560173 154.77978591062129 51.771818444132805 397.41787060536444 71.603104029782116
leaf_count=51 34 990 65 866 265 2112 417
internal_value=0.000117469 -0.0011716 0.0267695 0.00614548 -0.00213854 0.00105342 -0.00203626
internal_weight=920.424 758.27 25.3631 162.154 732.907 520.793 469.021
internal_count=4800 3900 116 900 3784 2794 2529
cat_boundaries=0 1
cat_threshold=2
is_linear=0
shrinkage=0.1


Tree=74
num_leaves=8
num_cat=0
split_feature=5 5 5 5 5 5 5
split_gain=0.69781 2.03836 1.50855 0.842146 2.67756 2.17178 1.26502
threshold=118.50000000000001 87.500000000000014 80.500000000000014 67.500000000000014 71.500000000000014 63.500000000000007 60.500000000000007
decision_type=2 2 2 2 2 2 2
left_child=1 2 3 5 -5 6 -1
right_child=-2 -3 -4 4 -6 -7 -8
leaf_value=0.00056562784671722094 0.022969742720127098 -0.027283767815514084 0.037757838911978314 -0.056304925971142034 0.0058011313228598657 0.043727394132461045 -0.035379228873302179
leaf_weight=817.20014486834407 13.160108575597404 27.008220854215324 10.795836318284271 10.756501615047457 19.574022319167852 11.588725510984657 9.9096514433622342
leaf_count=4196 79 165 64 64 109 66 57
internal_value=0.00010795 -0.000223824 0.000606842 0.00014532 -0.0162243 0.000737309 0.00013497
internal_weight=919.993 906.833 879.825 869.029 30.3305 838.699 827.11
internal_count=4800 4721 4556 4492 173 4319 4253
is_linear=0
shrinkage=0.1


Tree=75
num_leaves=8
num_cat=1
split_feature=7 5 8 6 3 2 6
split_gain=0.656802 2.19516 0.975521 2.89219 0.917707 1.13888 0.842972
threshold=1.0000000180025095e-35 34.500000000000007 0 15.500000000000002 1.0000000180025095e-35 1.5000000000000002 10.500000000000002
decision_type=2 2 9 8 2 2 8
left_child=4 -2 -3 -4 -1 -6 -7
right_child=1 2 3 -5 5 6 -8
leaf_value=0.00094012581010562135 0.0053272776527789204 0.013866730469074984 0.0053272776527789204 0.11515517631628125 -0.0033559022914418091 -0.03514111861653569 -0.012747339789676217
leaf_weight=719.33073542267084 37.472722895443439 5.0486093387007713 2.7193497233092767 5.1398447565734386 110.13892202079296 23.869901716709137 16.2732228115201
leaf_count=3486 311 60 32 89 533 188 101
internal_value=9.84121e-05 0.0111993 0.0481668 0.0702006 -0.00054471 -0.00765193 -0.0221388
internal_weight=919.993 50.3805 12.9078 7.85919 869.613 150.282 40.1431
internal_count=4800 492 181 121 4308 822 289
cat_boundaries=0 1
cat_threshold=4
is_linear=0
shrinkage=0.1


Tree=76
num_leaves=8
num_cat=2
split_feature=8 5 6 5 5 8 3
split_gain=0.616893 1.34107 1.30989 1.314 4.96372 2.09036 1.32778
threshold=0 100.50000000000001 38.500000000000007 51.500000000000007 56.500000000000007 1 1.0000000180025095e-35
decision_type=9 2 10 2 2 9 2
left_child=1 -1 3 -2 -5 -6 -7
right_child=2 -3 -4 4 5 6 -8
leaf_value=0.002802377543203281 -0.00063851758877926667 0.044769050819077089 0.025101762460943991 -0.070444876944632862 -0.023130801786095289 0.011340935418827039 -0.027616756369903208
leaf_weight=276.10849614813924 536.78071230277419 7.8304520808160296 17.792514953762293 13.18696586973965 29.644202492199838 28.333570213988423 8.7830828502774221
leaf_count=1465 2712 46 119 76 171 162 49
internal_value=8.55012e-05 0.00395973 -0.00164816 -0.00241989 -0.0143803 -0.0033061 0.0113409
internal_weight=918.46 283.939 634.521 616.729 79.9478 66.7609 37.1167
internal_count=4800 1511 3289 3170 458 382 211
cat_boundaries=0 1 2
cat_threshold=4 2
is_linear=0
shrinkage=0.1


Tree=77
num_leaves=8
num_cat=2
split_feature=1 9 6 2 8 5 5
split_gain=0.621947 1.0575 1.4337 3.42068 3.38088 3.86696 0.923334
threshold=4.5000000000000009 0 1.5000000000000002 2.5000000000000004 1 17.500000000000004 86.500000000000014
decision_type=2 9 10 2 9 2 2
left_child=6 -2 3 -3 -4 -6 -1
right_child=1 2 4 -5 5 -7 -8
leaf_value=-1.1451376198959485e-05 -0.018293621471310344 0.0057877400809292958 0.0057877400809292958 -0.057343003688793338 0.10917281713203297 0.026019725512643362 -0.016746416619944859
leaf_weight=800.74283334426582 12.609909605234861 9.2419579811394232 14.248789884150028 9.8159627430140954 6.8619283773005 30.232840657234192 34.384994963183999
leaf_count=4056 72 81 89 52 44 200 206
internal_value=0.000120083 0.00837533 0.0131521 -0.0102709 0.0218464 0.0414017 -0.000700486
internal_weight=918.139 83.0114 70.4015 19.0579 51.3436 37.0948 835.128
internal_count=4800 538 466 133 333 244 4262
cat_boundaries=0 1 2
cat_threshold=2 1
is_linear=0
shrinkage=0.1


Tree=78
num_leaves=8
num_cat=1
split_feature=5 6 5 5 8 5 6
split_gain=0.631689 6.88171 3.35025 2.90372 2.23594 1.68244 4.20463
threshold=36.500000000000007 84.500000000000014 86.500000000000014 82.500000000000014 0 27.500000000000004 16.500000000000004
decision_type=2 8 2 2 9 2 10
left_child=5 2 -2 4 -3 6 -1
right_child=1 3 -4 -5 -6 -7 -8
leaf_value=-0.00061093444748764074 0.0033173930766335308 0.072580845740576674 -0.030478025273382683 0.10514422078511361 0.021691615674112558 -0.013864473286314983 0.064207303376707978
leaf_weight=569.2512071095407 174.01438719034195 9.7000045087188482 35.28052101098001 6.6517365761101237 18.249546511098742 94.452843897044659 10.186759389936922
leaf_count=2848 962 61 201 55 109 509 55
internal_value=8.95539e-05 0.00445042 -0.00237945 0.0457627 0.0316304 -0.00148874 0.000528597
internal_weight=917.787 243.896 209.295 34.6013 27.9496 673.891 579.438
internal_count=4800 1388 1163 225 170 3412 2903
cat_boundaries=0 1
cat_threshold=4
is_linear=0
shrinkage=0.1


Tree=79
num_leaves=8
num_cat=1
split_feature=2 5 5 4 9 5 2
split_gain=0.621843 1.28328 2.2674 1.09049 0.882267 0.872469 0.846471
threshold=1.0000000180025095e-35 63.500000000000007 72.500000000000014 1.0000000180025095e-35 0 60.500000000000007 3.5000000000000004
decision_type=2 2 2 2 9 2 2
left_child=1 -1 -3 5 -5 6 -2
right_child=3 2 -4 4 -6 -7 -8
leaf_value=0.0011839329645677184 9.896331374293477e-05 0.066315247896448576 0.0065369830746859455 -0.011357303934170603 -0.05033757359173674 -0.0090643177164471053 -0.0090643177164471053
leaf_weight=418.00832378678024 345.50834551639855 8.4435401502996665 25.531604269519448 38.627064611762762 6.8336924239993087 56.111724473536015 18.135953187942505
leaf_count=2246 1619 57 175 256 56 295 96
internal_value=6.13919e-05 0.00270304 0.0213931 -0.00250511 -0.0172168 -0.00091179 9.89633e-05
internal_weight=917.2 451.983 33.9751 465.217 45.4608 419.756 363.644
internal_count=4800 2478 232 2322 312 2010 1715
cat_boundaries=0 1
cat_threshold=1
is_linear=0
shrinkage=0.1


end of trees

feature_importances:
days_since_first_contact=174
replies=83
touches=77
days_since_buyer_activity=56
lot_price_band=35
opted_out=29
phase_release=29
listing_type=23
hold_requests=22
hold_approved=21
stage=11

parameters:
[boosting: gbdt]
[objective: binary]
[metric: binary_logloss]
[tree_learner: serial]
[device_type: cpu]
[data_sample_strategy: bagging]
[data: ]
[valid: ]
[num_iterations: 80]
[learning_rate: 0.1]
[num_leaves: 8]
[num_threads: 1]
[seed: 7]
[deterministic: 1]
[force_col_wise: 0]
[force_row_wise: 1]
[histogram_pool_size: -1]
[max_depth: -1]
[min_data_in_leaf: 40]
[min_sum_hessian_in_leaf: 0.001]
[bagging_fraction: 1]
[pos_bagging_fraction: 1]
[neg_bagging_fraction: 1]
[bagging_freq: 0]
[bagging_seed: 17422]
[bagging_by_query: 0]
[feature_fraction: 1]
[feature_fraction_bynode: 1]
[feature_fraction_seed: 7040]
[extra_trees: 0]
[extra_seed: 6516]
[early_stopping_round: 0]
[early_stopping_min_delta: 0]
[first_metric_only: 0]
[max_delta_step: 0]
[lambda_l1: 0]
[lambda_l2: 0]
[linear_lambda: 0]
[min_gain_to_split: 0]
[drop_rate: 0.1]
[max_drop: 50]
[skip_drop: 0.5]
[xgboost_dart_mode: 0]
[uniform_drop: 0]
[drop_seed: 15215]
[top_rate: 0.2]
[other_rate: 0.1]
[min_data_per_group: 100]
[max_cat_threshold: 32]
[cat_l2: 10]
[cat_smooth: 10]
[max_cat_to_onehot: 4]
[top_k: 20]
[monotone_constraints: 0,0,-1,-1,-1,0,1,1,0,0,0]
[monotone_constraints_method: basic]
[monotone_penalty: 0]
[feature_contri: ]
[forcedsplits_filename: ]
[refit_decay_rate: 0.9]
[cegb_tradeoff: 1]
[cegb_penalty_split: 0]
[cegb_penalty_feature_lazy: ]
[cegb_penalty_feature_coupled: ]
[path_smooth: 0]
[interaction_constraints: ]
[verbosity: -1]
[saved_feature_importance_type: 0]
[use_quantized_grad: 0]
[num_grad_quant_bins: 4]
[quant_train_renew_leaf: 0]
[stochastic_rounding: 1]
[linear_tree: 0]
[max_bin: 255]
[max_bin_by_feature: ]
[min_data_in_bin: 3]
[bin_construct_sample_cnt: 200000]
[data_random_seed: 61]
[is_enable_sparse: 1]
[enable_bundle: 1]
[use_missing: 1]
[zero_as_missing: 0]
[feature_pre_filter: 1]
[pre_partition: 0]
[two_round: 0]
[header: 0]
[label_column: ]
[weight_column: ]
[group_column: ]
[ignore_column: ]
[categorical_feature: 0,8,9,10]
[forcedbins_filename: ]
[precise_float_parser: 0]
[parser_config_file: ]
[objective_seed: 15521]
[num_class: 1]
[is_unbalance: 0]
[scale_pos_weight: 1]
[sigmoid: 1]
[boost_from_average: 1]
[reg_sqrt: 0]
[alpha: 0.9]
[fair_c: 1]
[poisson_max_delta_step: 0.7]
[tweedie_variance_power: 1.5]
[lambdarank_truncation_level: 30]
[lambdarank_norm: 1]
[label_gain: ]
[lambdarank_position_bias_regularization: 0]
[eval_at: ]
[multi_error_top_k: 1]
[auc_mu_weights: ]
[num_machines: 1]
[local_listen_port: 12400]
[time_out: 120]
[machine_list_filename: ]
[machines: ]
[gpu_platform_id: -1]
[gpu_device_id: -1]
[gpu_device_id_list: ]
[gpu_use_dp: 0]
[num_gpu: 1]

end of parameters

pandas_categorical:null
